2021.05.02,22:00,1767.058,1768.407,1766.046,1767.900,1615
2021.05.02,23:00,1767.903,1769.024,1767.508,1769.017,1635
2021.05.03,00:00,1768.980,1770.844,1767.314,1770.799,2743
2021.05.03,01:00,1770.786,1772.104,1770.082,1771.692,3310
2021.05.03,02:00,1771.729,1773.763,1771.679,1771.814,3028
2021.05.03,03:00,1771.816,1775.674,1771.779,1774.858,2412
2021.05.03,04:00,1774.862,1774.935,1773.469,1774.218,2165
2021.05.03,05:00,1774.216,1774.564,1772.323,1774.221,2673
2021.05.03,06:00,1774.212,1779.989,1772.452,1779.672,4259
2021.05.03,07:00,1779.707,1781.342,1775.897,1776.067,4174
2021.05.03,08:00,1776.097,1776.861,1774.500,1775.578,3974
2021.05.03,09:00,1775.560,1778.932,1775.243,1777.650,3854
2021.05.03,10:00,1777.648,1782.646,1777.001,1778.111,3958
2021.05.03,11:00,1778.077,1781.659,1777.437,1780.957,4325
2021.05.03,12:00,1780.987,1786.984,1779.267,1784.485,5709
2021.05.03,13:00,1784.543,1792.883,1784.536,1792.086,6809
2021.05.03,14:00,1792.081,1797.826,1792.081,1794.269,8141
2021.05.03,15:00,1794.314,1795.966,1790.457,1792.424,5509
2021.05.03,16:00,1792.480,1794.381,1791.777,1792.774,4148
2021.05.03,17:00,1792.823,1793.103,1790.454,1791.988,4106
2021.05.03,18:00,1791.943,1793.888,1791.018,1792.144,3492
2021.05.03,19:00,1792.166,1792.948,1790.716,1791.646,3576
2021.05.03,20:00,1791.667,1793.366,1791.498,1792.893,1859
2021.05.03,22:00,1792.228,1793.154,1791.841,1791.929,1330
2021.05.03,23:00,1791.928,1792.942,1791.242,1792.472,1311
2021.05.04,00:00,1792.425,1793.071,1790.625,1791.112,2335
2021.05.04,01:00,1791.118,1791.589,1788.761,1790.107,2880
2021.05.04,02:00,1790.075,1791.458,1789.895,1790.376,2705
2021.05.04,03:00,1790.377,1790.419,1788.983,1789.746,1978
2021.05.04,04:00,1789.744,1789.749,1788.331,1788.670,2155
2021.05.04,05:00,1788.666,1788.851,1783.787,1787.104,2793
2021.05.04,06:00,1787.160,1787.193,1784.466,1786.351,3498
2021.05.04,07:00,1786.305,1787.366,1784.578,1786.906,4497
2021.05.04,08:00,1786.938,1790.492,1785.772,1785.772,4458
2021.05.04,09:00,1785.726,1786.481,1782.554,1782.870,4281
2021.05.04,10:00,1782.871,1784.389,1781.439,1783.656,4366
2021.05.04,11:00,1783.687,1786.632,1780.713,1783.448,5677
2021.05.04,12:00,1783.495,1789.071,1782.069,1788.256,6523
2021.05.04,13:00,1788.279,1794.976,1788.279,1794.882,6885
2021.05.04,14:00,1794.929,1798.951,1789.728,1794.581,7999
2021.05.04,15:00,1794.626,1795.313,1773.581,1775.615,13962
2021.05.04,16:00,1775.646,1778.556,1770.571,1775.972,9330
2021.05.04,17:00,1775.941,1780.034,1775.814,1778.442,6116
2021.05.04,18:00,1778.405,1779.861,1777.526,1777.571,4484
2021.05.04,19:00,1777.527,1778.594,1776.032,1778.151,4096
2021.05.04,20:00,1778.182,1779.944,1778.013,1778.675,2253
2021.05.04,22:00,1778.106,1778.646,1777.463,1778.618,1377
2021.05.04,23:00,1778.663,1779.449,1777.860,1778.627,1615
2021.05.05,00:00,1778.595,1779.192,1776.709,1778.592,2652
2021.05.05,01:00,1778.623,1779.678,1777.975,1779.225,3187
2021.05.05,02:00,1779.227,1782.546,1779.129,1781.066,2998
2021.05.05,03:00,1781.036,1783.303,1780.578,1782.680,2418
2021.05.05,04:00,1782.683,1782.907,1780.441,1780.581,2142
2021.05.05,05:00,1780.580,1780.841,1777.571,1778.237,3081
2021.05.05,06:00,1778.243,1779.104,1775.366,1776.109,4753
2021.05.05,07:00,1776.078,1778.521,1775.369,1777.758,4828
2021.05.05,08:00,1777.728,1777.762,1774.235,1775.132,4412
2021.05.05,09:00,1775.131,1780.082,1774.526,1778.435,3753
2021.05.05,10:00,1778.466,1778.674,1776.999,1777.023,3701
2021.05.05,11:00,1776.990,1780.109,1776.248,1778.285,3811
2021.05.05,12:00,1778.255,1782.640,1770.306,1781.670,9941
2021.05.05,13:00,1781.655,1783.179,1778.604,1781.279,9070
2021.05.05,14:00,1781.329,1784.881,1779.236,1782.971,9067
2021.05.05,15:00,1782.941,1784.118,1781.100,1784.076,5324
2021.05.05,16:00,1784.117,1785.278,1781.923,1784.178,4313
2021.05.05,17:00,1784.146,1785.630,1783.098,1784.156,4091
2021.05.05,18:00,1784.124,1784.995,1782.936,1784.575,3663
2021.05.05,19:00,1784.543,1786.183,1784.097,1786.097,4031
2021.05.05,20:00,1786.065,1787.898,1785.850,1786.746,1619
2021.05.05,22:00,1787.033,1787.371,1785.645,1785.653,1193
2021.05.05,23:00,1785.654,1786.866,1784.531,1785.219,1837
2021.05.06,00:00,1785.220,1786.346,1783.040,1783.365,2582
2021.05.06,01:00,1783.366,1787.332,1781.934,1786.618,5044
2021.05.06,02:00,1786.571,1789.893,1785.565,1789.863,3480
2021.05.06,03:00,1789.816,1790.032,1788.508,1789.727,2905
2021.05.06,04:00,1789.717,1789.899,1787.849,1788.551,1946
2021.05.06,05:00,1788.505,1792.297,1788.475,1792.120,3033
2021.05.06,06:00,1792.101,1794.879,1790.693,1793.421,3429
2021.05.06,07:00,1793.470,1795.488,1791.241,1791.771,3811
2021.05.06,08:00,1791.816,1795.690,1791.369,1795.063,3023
2021.05.06,09:00,1795.047,1795.662,1792.155,1793.340,3080
2021.05.06,10:00,1793.327,1793.461,1790.624,1791.955,3497
2021.05.06,11:00,1791.981,1794.463,1788.231,1793.729,4865
2021.05.06,12:00,1793.763,1796.460,1791.869,1793.600,6630
2021.05.06,13:00,1793.554,1813.073,1790.720,1812.664,10618
2021.05.06,14:00,1812.710,1815.441,1809.728,1815.441,7333
2021.05.06,15:00,1815.488,1817.973,1812.567,1814.124,5466
2021.05.06,16:00,1814.136,1816.462,1813.938,1815.697,3872
2021.05.06,17:00,1815.727,1816.159,1813.878,1814.771,3734
2021.05.06,18:00,1814.723,1815.289,1812.957,1813.913,3587
2021.05.06,19:00,1813.961,1815.307,1812.738,1815.262,3587
2021.05.06,20:00,1815.283,1815.998,1813.956,1814.918,2025
2021.05.06,22:00,1814.297,1814.930,1813.819,1814.035,1099
2021.05.06,23:00,1814.043,1815.628,1814.029,1814.725,1176
2021.05.07,00:00,1814.715,1815.292,1813.269,1814.505,2460
2021.05.07,01:00,1814.459,1816.540,1812.845,1814.647,4147
2021.05.07,02:00,1814.598,1817.887,1813.435,1817.713,3853
2021.05.07,03:00,1817.733,1822.187,1817.730,1820.486,4126
2021.05.07,04:00,1820.481,1821.111,1818.439,1819.290,2395
2021.05.07,05:00,1819.236,1821.505,1817.390,1818.012,3802
2021.05.07,06:00,1818.057,1820.253,1817.250,1817.854,4037
2021.05.07,07:00,1817.856,1821.363,1817.621,1819.018,4142
2021.05.07,08:00,1818.972,1823.039,1818.568,1820.641,3604
2021.05.07,09:00,1820.592,1820.818,1819.721,1820.101,2981
2021.05.07,10:00,1820.098,1820.968,1819.123,1820.710,2897
2021.05.07,11:00,1820.713,1821.169,1818.923,1819.963,3163
2021.05.07,12:00,1819.978,1843.262,1817.228,1838.674,14616
2021.05.07,13:00,1838.719,1841.148,1825.588,1838.502,16665
2021.05.07,14:00,1838.550,1842.184,1828.587,1832.143,9047
2021.05.07,15:00,1832.097,1836.459,1830.745,1835.065,5674
2021.05.07,16:00,1835.062,1835.109,1828.733,1832.612,4932
2021.05.07,17:00,1832.561,1832.669,1829.162,1830.461,4305
2021.05.07,18:00,1830.506,1831.927,1829.522,1830.740,3898
2021.05.07,19:00,1830.692,1832.119,1829.651,1832.047,3808
2021.05.07,20:00,1832.002,1832.077,1829.877,1830.979,1651
2021.05.09,22:00,1832.896,1833.936,1831.996,1832.654,1918
2021.05.09,23:00,1832.657,1836.787,1832.152,1836.162,2267
2021.05.10,00:00,1836.184,1836.184,1830.408,1833.055,3907
2021.05.10,01:00,1833.101,1834.978,1829.947,1830.821,5766
2021.05.10,02:00,1830.827,1834.026,1830.827,1832.895,3965
2021.05.10,03:00,1832.857,1832.956,1831.027,1832.523,2795
2021.05.10,04:00,1832.532,1834.754,1831.841,1834.143,2135
2021.05.10,05:00,1834.096,1839.084,1833.781,1838.550,3748
2021.05.10,06:00,1838.505,1838.970,1834.411,1835.292,4473
2021.05.10,07:00,1835.339,1836.014,1833.455,1834.734,4229
2021.05.10,08:00,1834.782,1837.186,1834.109,1836.151,3787
2021.05.10,09:00,1836.105,1836.926,1834.570,1836.398,3308
2021.05.10,10:00,1836.399,1840.093,1835.684,1839.949,3386
2021.05.10,11:00,1839.922,1841.946,1837.045,1841.100,3945
2021.05.10,12:00,1841.078,1842.925,1838.675,1842.175,5482
2021.05.10,13:00,1842.125,1845.322,1837.622,1840.248,8489
2021.05.10,14:00,1840.295,1842.814,1836.663,1839.381,8108
2021.05.10,15:00,1839.323,1841.673,1835.405,1841.643,5445
2021.05.10,16:00,1841.673,1841.796,1836.005,1837.504,3911
2021.05.10,17:00,1837.551,1837.666,1835.354,1836.588,3841
2021.05.10,18:00,1836.622,1837.777,1833.898,1835.992,4222
2021.05.10,19:00,1835.964,1838.651,1834.600,1837.989,3841
2021.05.10,20:00,1837.944,1838.622,1835.223,1835.608,2368
2021.05.10,22:00,1835.955,1836.264,1834.698,1835.282,1487
2021.05.10,23:00,1835.257,1836.571,1834.807,1836.043,1676
2021.05.11,00:00,1836.045,1836.065,1832.443,1833.797,3436
2021.05.11,01:00,1833.800,1838.317,1831.300,1836.538,5301
2021.05.11,02:00,1836.491,1837.795,1834.774,1836.809,3711
2021.05.11,03:00,1836.825,1837.100,1834.485,1834.773,3250
2021.05.11,04:00,1834.774,1836.550,1834.579,1836.147,2558
2021.05.11,05:00,1836.145,1837.984,1835.602,1836.809,3313
2021.05.11,06:00,1836.854,1837.504,1833.161,1833.490,4600
2021.05.11,07:00,1833.539,1835.733,1832.640,1835.071,4539
2021.05.11,08:00,1835.116,1837.256,1834.206,1836.054,3908
2021.05.11,09:00,1836.009,1838.633,1834.223,1838.380,3925
2021.05.11,10:00,1838.425,1841.339,1837.714,1839.504,4139
2021.05.11,11:00,1839.487,1841.709,1839.006,1839.396,3880
2021.05.11,12:00,1839.398,1841.665,1825.845,1826.508,7166
2021.05.11,13:00,1826.492,1830.091,1817.796,1829.227,11040
2021.05.11,14:00,1829.274,1832.914,1826.441,1829.440,7417
2021.05.11,15:00,1829.488,1833.561,1827.906,1833.340,4833
2021.05.11,16:00,1833.392,1835.935,1832.820,1835.092,4619
2021.05.11,17:00,1835.058,1835.877,1833.704,1835.276,4349
2021.05.11,18:00,1835.324,1836.036,1833.454,1835.515,3665
2021.05.11,19:00,1835.511,1838.000,1835.047,1837.677,3623
2021.05.11,20:00,1837.632,1838.297,1836.568,1837.332,1982
2021.05.11,22:00,1837.578,1837.578,1835.994,1837.092,1316
2021.05.11,23:00,1837.091,1837.091,1835.349,1835.433,1341
2021.05.12,00:00,1835.438,1836.777,1833.301,1834.229,3001
2021.05.12,01:00,1834.275,1834.386,1828.956,1830.219,4161
2021.05.12,02:00,1830.217,1830.429,1826.386,1826.499,3653
2021.05.12,03:00,1826.454,1828.840,1825.908,1826.938,3377
2021.05.12,04:00,1826.942,1830.260,1826.789,1829.938,2828
2021.05.12,05:00,1829.891,1831.113,1828.520,1829.706,3519
2021.05.12,06:00,1829.661,1834.387,1828.684,1834.332,3830
2021.05.12,07:00,1834.378,1835.588,1832.478,1833.027,4160
2021.05.12,08:00,1832.982,1833.467,1830.025,1833.291,3569
2021.05.12,09:00,1833.276,1835.104,1832.372,1834.965,3117
2021.05.12,10:00,1834.918,1835.561,1833.521,1834.430,3086
2021.05.12,11:00,1834.475,1834.844,1832.831,1833.683,3303
2021.05.12,12:00,1833.637,1840.812,1822.749,1839.803,12203
2021.05.12,13:00,1839.756,1843.462,1827.845,1833.449,14653
2021.05.12,14:00,1833.496,1833.867,1822.582,1827.076,10196
2021.05.12,15:00,1827.029,1827.184,1820.714,1824.208,6651
2021.05.12,16:00,1824.163,1824.163,1818.765,1820.255,5382
2021.05.12,17:00,1820.207,1825.100,1819.969,1822.192,6132
2021.05.12,18:00,1822.191,1822.422,1819.794,1820.776,4947
2021.05.12,19:00,1820.730,1821.443,1818.976,1819.851,4730
2021.05.12,20:00,1819.896,1820.536,1813.230,1815.420,3340
2021.05.12,22:00,1815.229,1816.998,1814.626,1816.854,1722
2021.05.12,23:00,1816.807,1817.806,1816.194,1817.489,1855
2021.05.13,00:00,1817.443,1819.037,1813.202,1818.488,3601
2021.05.13,01:00,1818.487,1822.872,1816.555,1821.993,4862
2021.05.13,02:00,1821.946,1822.428,1818.461,1819.837,3711
2021.05.13,03:00,1819.859,1820.230,1816.548,1817.272,3346
2021.05.13,04:00,1817.260,1819.314,1816.384,1819.114,2640
2021.05.13,05:00,1819.113,1819.410,1815.915,1817.120,3718
2021.05.13,06:00,1817.160,1822.010,1817.150,1821.528,3996
2021.05.13,07:00,1821.480,1822.184,1813.697,1814.670,4573
2021.05.13,08:00,1814.623,1818.221,1812.518,1815.073,4427
2021.05.13,09:00,1815.091,1815.474,1810.752,1811.322,3907
2021.05.13,10:00,1811.276,1814.142,1808.675,1813.946,4476
2021.05.13,11:00,1813.898,1816.401,1813.356,1814.936,4076
2021.05.13,12:00,1814.953,1821.010,1813.614,1816.891,8021
2021.05.13,13:00,1816.844,1822.310,1815.640,1821.822,7869
2021.05.13,14:00,1821.869,1827.015,1819.541,1823.936,6591
2021.05.13,15:00,1823.915,1825.841,1821.397,1825.251,4828
2021.05.13,16:00,1825.239,1828.609,1824.549,1825.987,4343
2021.05.13,17:00,1826.033,1826.649,1821.949,1822.124,5139
2021.05.13,18:00,1822.078,1826.240,1821.629,1825.316,4010
2021.05.13,19:00,1825.366,1827.820,1824.318,1827.275,4114
2021.05.13,20:00,1827.265,1828.317,1825.740,1826.363,2098
2021.05.13,22:00,1826.504,1827.148,1825.664,1825.838,1286
2021.05.13,23:00,1825.792,1826.452,1825.023,1825.024,1634
2021.05.14,00:00,1825.026,1826.396,1823.897,1825.753,2795
2021.05.14,01:00,1825.706,1826.431,1822.373,1824.000,4374
2021.05.14,02:00,1824.008,1824.308,1820.588,1822.086,3834
2021.05.14,03:00,1822.077,1822.596,1819.661,1822.356,3459
2021.05.14,04:00,1822.374,1823.575,1822.030,1823.573,2116
2021.05.14,05:00,1823.528,1826.786,1822.407,1826.533,3823
2021.05.14,06:00,1826.583,1836.284,1825.173,1834.670,4710
2021.05.14,07:00,1834.699,1834.858,1831.489,1833.189,4016
2021.05.14,08:00,1833.143,1835.690,1831.714,1834.847,3793
2021.05.14,09:00,1834.840,1837.284,1832.941,1833.414,3441
2021.05.14,10:00,1833.410,1835.634,1832.848,1835.421,3000
2021.05.14,11:00,1835.448,1837.223,1833.533,1834.804,3534
2021.05.14,12:00,1834.820,1839.568,1833.309,1837.033,8026
2021.05.14,13:00,1837.060,1841.132,1834.221,1838.684,7415
2021.05.14,14:00,1838.637,1839.762,1834.592,1838.014,6958
2021.05.14,15:00,1837.968,1840.400,1836.068,1839.583,4201
2021.05.14,16:00,1839.629,1840.636,1837.650,1839.231,3608
2021.05.14,17:00,1839.183,1839.606,1837.718,1839.542,3300
2021.05.14,18:00,1839.541,1841.792,1839.496,1841.689,3122
2021.05.14,19:00,1841.711,1843.542,1841.065,1843.359,3526
2021.05.14,20:00,1843.326,1845.923,1841.721,1843.486,2105
2021.05.16,22:00,1843.784,1847.964,1843.784,1845.446,2113
2021.05.16,23:00,1845.445,1847.763,1844.677,1847.074,1762
2021.05.17,00:00,1847.049,1847.064,1843.559,1844.117,2655
2021.05.17,01:00,1844.072,1852.866,1843.540,1851.090,5037
2021.05.17,02:00,1851.043,1852.020,1848.535,1851.097,3511
2021.05.17,03:00,1851.095,1852.928,1850.319,1851.250,3101
2021.05.17,04:00,1851.260,1853.171,1851.260,1852.660,2361
2021.05.17,05:00,1852.639,1855.235,1852.293,1852.323,3538
2021.05.17,06:00,1852.274,1855.283,1852.098,1853.348,4016
2021.05.17,07:00,1853.350,1854.382,1852.088,1852.738,3682
2021.05.17,08:00,1852.770,1853.606,1852.260,1853.110,2992
2021.05.17,09:00,1853.090,1853.198,1848.412,1849.903,3480
2021.05.17,10:00,1849.916,1851.120,1848.735,1848.837,2945
2021.05.17,11:00,1848.882,1849.369,1846.207,1847.163,3435
2021.05.17,12:00,1847.192,1850.514,1844.826,1845.713,5577
2021.05.17,13:00,1845.665,1856.402,1843.929,1854.350,6332
2021.05.17,14:00,1854.343,1864.718,1852.874,1864.552,6814
2021.05.17,15:00,1864.597,1866.847,1862.322,1866.281,5230
2021.05.17,16:00,1866.235,1868.064,1864.532,1867.974,3873
2021.05.17,17:00,1867.970,1868.365,1866.249,1867.253,3780
2021.05.17,18:00,1867.207,1868.238,1865.852,1866.872,3369
2021.05.17,19:00,1866.831,1866.896,1865.379,1865.497,3238
2021.05.17,20:00,1865.544,1866.881,1865.306,1866.814,1288
2021.05.17,22:00,1866.287,1866.873,1865.406,1865.759,1118
2021.05.17,23:00,1865.757,1868.974,1865.279,1868.913,1530
2021.05.18,00:00,1868.871,1869.778,1867.981,1869.005,2499
2021.05.18,01:00,1869.009,1873.687,1867.342,1871.785,4811
2021.05.18,02:00,1871.740,1873.228,1867.517,1867.910,3843
2021.05.18,03:00,1867.913,1870.427,1867.259,1868.127,3067
2021.05.18,04:00,1868.123,1868.767,1866.679,1867.944,2476
2021.05.18,05:00,1867.941,1871.252,1867.853,1871.185,3246
2021.05.18,06:00,1871.206,1871.593,1867.677,1870.408,4120
2021.05.18,07:00,1870.454,1870.656,1868.568,1869.920,3840
2021.05.18,08:00,1869.875,1870.438,1867.311,1869.334,3392
2021.05.18,09:00,1869.332,1870.085,1867.568,1867.731,3165
2021.05.18,10:00,1867.762,1868.993,1867.663,1868.368,2953
2021.05.18,11:00,1868.321,1870.163,1865.243,1870.056,3367
2021.05.18,12:00,1870.061,1874.875,1868.447,1871.158,5020
2021.05.18,13:00,1871.204,1873.346,1863.388,1863.888,9001
2021.05.18,14:00,1863.935,1868.180,1863.164,1866.824,6838
2021.05.18,15:00,1866.860,1868.899,1864.530,1864.812,4328
2021.05.18,16:00,1864.767,1867.287,1863.882,1867.287,3606
2021.05.18,17:00,1867.295,1869.029,1866.979,1868.952,3122
2021.05.18,18:00,1868.905,1869.595,1867.664,1868.808,3256
2021.05.18,19:00,1868.810,1869.981,1868.487,1868.912,3170
2021.05.18,20:00,1868.866,1870.062,1868.348,1869.370,1515
2021.05.18,22:00,1869.050,1869.267,1868.150,1868.945,1027
2021.05.18,23:00,1868.946,1871.003,1868.538,1870.086,1217
2021.05.19,00:00,1870.085,1871.278,1868.020,1869.638,2426
2021.05.19,01:00,1869.670,1871.470,1866.467,1867.627,4156
2021.05.19,02:00,1867.582,1868.122,1864.492,1867.572,3423
2021.05.19,03:00,1867.527,1869.467,1866.396,1868.618,2704
2021.05.19,04:00,1868.646,1869.359,1867.098,1867.951,2139
2021.05.19,05:00,1867.950,1872.375,1867.241,1871.491,3062
2021.05.19,06:00,1871.523,1873.893,1870.608,1872.936,3949
2021.05.19,07:00,1872.917,1873.024,1865.841,1867.839,4692
2021.05.19,08:00,1867.790,1869.784,1859.746,1863.170,4829
2021.05.19,09:00,1863.176,1864.604,1857.631,1858.884,4531
2021.05.19,10:00,1858.885,1859.944,1854.731,1857.520,4205
2021.05.19,11:00,1857.566,1858.304,1852.125,1855.730,4747
2021.05.19,12:00,1855.701,1872.328,1855.144,1872.237,6836
2021.05.19,13:00,1872.250,1889.786,1864.488,1888.996,14648
2021.05.19,14:00,1888.947,1889.585,1877.214,1883.712,11055
2021.05.19,15:00,1883.666,1885.690,1881.675,1885.201,5049
2021.05.19,16:00,1885.208,1885.263,1879.463,1881.930,3980
2021.05.19,17:00,1881.882,1882.562,1878.071,1879.396,4170
2021.05.19,18:00,1879.403,1882.025,1862.978,1863.135,11522
2021.05.19,19:00,1863.087,1871.657,1861.892,1870.653,5466
2021.05.19,20:00,1870.607,1871.493,1869.024,1869.357,1492
2021.05.19,22:00,1870.050,1870.556,1868.063,1868.181,1685
2021.05.19,23:00,1868.197,1869.929,1864.627,1865.806,2131
2021.05.20,00:00,1865.852,1872.009,1863.801,1871.737,3499
2021.05.20,01:00,1871.768,1872.428,1865.195,1871.508,5147
2021.05.20,02:00,1871.534,1875.726,1870.778,1874.364,3773
2021.05.20,03:00,1874.416,1877.490,1874.113,1875.755,3175
2021.05.20,04:00,1875.758,1876.653,1875.130,1875.418,2245
2021.05.20,05:00,1875.401,1878.951,1873.209,1873.586,3288
2021.05.20,06:00,1873.541,1875.911,1870.463,1870.982,4049
2021.05.20,07:00,1871.033,1874.874,1870.501,1874.069,4124
2021.05.20,08:00,1874.063,1876.245,1870.838,1872.175,3689
2021.05.20,09:00,1872.128,1872.282,1866.045,1867.715,3928
2021.05.20,10:00,1867.762,1868.847,1865.139,1868.752,3592
2021.05.20,11:00,1868.797,1872.724,1868.797,1871.186,3624
2021.05.20,12:00,1871.233,1872.777,1867.470,1871.318,5348
2021.05.20,13:00,1871.366,1878.438,1869.650,1877.051,7134
2021.05.20,14:00,1877.006,1880.782,1875.885,1877.866,5985
2021.05.20,15:00,1877.912,1880.375,1876.710,1880.001,4141
2021.05.20,16:00,1879.992,1883.770,1878.238,1882.567,4099
2021.05.20,17:00,1882.616,1883.759,1876.427,1876.632,3728
2021.05.20,18:00,1876.677,1877.153,1873.197,1874.403,4102
2021.05.20,19:00,1874.448,1878.692,1874.166,1878.457,3309
2021.05.20,20:00,1878.406,1878.423,1876.540,1876.912,1933
2021.05.20,22:00,1877.209,1878.370,1875.980,1876.036,1406
2021.05.20,23:00,1875.990,1876.282,1873.800,1873.961,1144
2021.05.21,00:00,1873.940,1876.643,1873.566,1874.486,2706
2021.05.21,01:00,1874.485,1874.818,1871.135,1871.135,3932
2021.05.21,02:00,1871.118,1872.540,1870.278,1872.316,3305
2021.05.21,03:00,1872.318,1874.552,1871.909,1874.449,2381
2021.05.21,04:00,1874.448,1876.971,1873.800,1876.044,2189
2021.05.21,05:00,1876.098,1876.996,1874.600,1875.774,2844
2021.05.21,06:00,1875.821,1876.709,1872.681,1873.484,3645
2021.05.21,07:00,1873.439,1875.804,1872.953,1875.661,3836
2021.05.21,08:00,1875.676,1877.996,1874.989,1876.076,3258
2021.05.21,09:00,1876.091,1879.960,1876.021,1878.181,3237
2021.05.21,10:00,1878.133,1880.097,1877.534,1878.261,2914
2021.05.21,11:00,1878.270,1880.169,1877.961,1878.158,3356
2021.05.21,12:00,1878.205,1888.087,1877.619,1887.070,5317
2021.05.21,13:00,1887.057,1889.284,1875.361,1877.072,8852
2021.05.21,14:00,1877.118,1878.635,1870.297,1873.981,7903
2021.05.21,15:00,1873.936,1876.861,1872.677,1875.282,4354
2021.05.21,16:00,1875.293,1876.373,1870.065,1872.776,4689
2021.05.21,17:00,1872.728,1877.565,1872.680,1877.435,3692
2021.05.21,18:00,1877.434,1879.844,1877.062,1879.334,3148
2021.05.21,19:00,1879.308,1881.740,1878.914,1879.520,3350
2021.05.21,20:00,1879.468,1882.354,1879.007,1881.659,1573
2021.05.23,22:00,1880.985,1881.327,1880.148,1880.834,1256
2021.05.23,23:00,1880.879,1883.761,1880.614,1883.459,1752
2021.05.24,00:00,1883.457,1884.303,1880.817,1880.918,2661
2021.05.24,01:00,1880.919,1886.973,1879.760,1885.990,4819
2021.05.24,02:00,1886.006,1886.831,1883.021,1883.273,3432
2021.05.24,03:00,1883.269,1884.587,1882.952,1883.428,2543
2021.05.24,04:00,1883.434,1884.626,1883.369,1884.522,1586
2021.05.24,05:00,1884.521,1886.197,1883.687,1885.452,3050
2021.05.24,06:00,1885.459,1885.459,1881.316,1881.710,3715
2021.05.24,07:00,1881.665,1882.985,1880.802,1881.761,3334
2021.05.24,08:00,1881.746,1882.760,1874.967,1877.485,3820
2021.05.24,09:00,1877.488,1881.180,1876.746,1881.180,3209
2021.05.24,10:00,1881.151,1882.553,1880.369,1881.779,2885
2021.05.24,11:00,1881.732,1882.228,1879.411,1880.839,3130
2021.05.24,12:00,1880.805,1886.202,1879.568,1879.938,4354
2021.05.24,13:00,1879.933,1885.503,1877.891,1880.798,7124
2021.05.24,14:00,1880.751,1885.481,1877.836,1884.695,5318
2021.05.24,15:00,1884.685,1885.388,1881.898,1884.488,3750
2021.05.24,16:00,1884.467,1884.571,1882.841,1883.842,3182
2021.05.24,17:00,1883.823,1884.618,1882.817,1882.917,3029
2021.05.24,18:00,1882.925,1883.922,1882.583,1883.106,2569
2021.05.24,19:00,1883.095,1883.199,1881.704,1883.196,2446
2021.05.24,20:00,1883.198,1883.537,1880.659,1880.660,1501
2021.05.24,22:00,1881.040,1881.438,1880.431,1880.671,968
2021.05.24,23:00,1880.720,1880.769,1877.123,1877.361,1733
2021.05.25,00:00,1877.323,1878.926,1876.209,1878.674,2753
2021.05.25,01:00,1878.680,1879.848,1872.613,1873.321,5146
2021.05.25,02:00,1873.327,1877.554,1872.695,1877.387,3254
2021.05.25,03:00,1877.376,1879.961,1877.330,1879.208,2408
2021.05.25,04:00,1879.209,1879.936,1878.705,1879.533,1850
2021.05.25,05:00,1879.546,1879.941,1873.213,1874.853,2808
2021.05.25,06:00,1874.900,1886.367,1874.402,1884.793,4334
2021.05.25,07:00,1884.745,1887.167,1882.349,1882.999,4152
2021.05.25,08:00,1882.997,1883.869,1879.966,1882.610,3869
2021.05.25,09:00,1882.582,1884.394,1881.875,1883.540,2932
2021.05.25,10:00,1883.535,1884.717,1881.816,1882.952,2948
2021.05.25,11:00,1882.941,1884.165,1879.741,1881.963,3336
2021.05.25,12:00,1881.955,1884.694,1881.540,1883.185,4443
2021.05.25,13:00,1883.231,1886.512,1879.734,1884.189,7786
2021.05.25,14:00,1884.144,1895.784,1884.144,1890.509,8918
2021.05.25,15:00,1890.462,1893.877,1890.416,1892.136,4370
2021.05.25,16:00,1892.106,1895.355,1890.796,1895.278,3518
2021.05.25,17:00,1895.280,1898.502,1895.063,1897.976,3651
2021.05.25,18:00,1897.967,1899.628,1897.224,1899.417,3254
2021.05.25,19:00,1899.397,1900.020,1898.288,1899.938,3090
2021.05.25,20:00,1899.890,1900.177,1898.990,1899.024,1648
2021.05.25,22:00,1898.422,1899.170,1898.238,1898.666,1504
2021.05.25,23:00,1898.678,1898.998,1897.247,1898.083,1486
2021.05.26,00:00,1898.082,1900.129,1896.900,1897.793,2614
2021.05.26,01:00,1897.746,1904.319,1897.746,1902.823,4649
2021.05.26,02:00,1902.767,1907.481,1902.730,1906.486,3724
2021.05.26,03:00,1906.483,1907.684,1905.278,1905.278,3267
2021.05.26,04:00,1905.295,1906.765,1905.240,1906.391,2480
2021.05.26,05:00,1906.423,1907.317,1902.857,1903.239,2896
2021.05.26,06:00,1903.269,1906.397,1900.424,1905.685,4121
2021.05.26,07:00,1905.639,1910.074,1904.313,1909.194,3892
2021.05.26,08:00,1909.186,1909.873,1905.291,1906.394,3546
2021.05.26,09:00,1906.411,1908.244,1903.553,1907.003,3518
2021.05.26,10:00,1906.957,1908.459,1905.838,1908.099,3055
2021.05.26,11:00,1908.093,1908.786,1904.602,1905.370,3347
2021.05.26,12:00,1905.384,1912.616,1904.453,1907.950,4488
2021.05.26,13:00,1907.904,1908.063,1899.039,1899.103,7617
2021.05.26,14:00,1899.067,1905.082,1899.067,1899.907,5532
2021.05.26,15:00,1899.883,1904.702,1899.883,1902.468,4083
2021.05.26,16:00,1902.516,1903.929,1901.731,1902.257,3663
2021.05.26,17:00,1902.235,1902.937,1890.655,1893.206,4910
2021.05.26,18:00,1893.185,1896.028,1892.140,1895.760,3995
2021.05.26,19:00,1895.806,1896.718,1893.892,1896.603,3206
2021.05.26,20:00,1896.547,1896.797,1895.756,1896.536,1711
2021.05.26,22:00,1896.397,1896.758,1895.816,1896.368,1262
2021.05.26,23:00,1896.366,1897.648,1895.299,1896.060,1384
2021.05.27,00:00,1896.070,1896.091,1893.648,1894.491,2135
2021.05.27,01:00,1894.538,1895.985,1892.128,1894.451,3952
2021.05.27,02:00,1894.442,1897.210,1893.174,1896.380,3213
2021.05.27,03:00,1896.428,1897.394,1895.312,1896.550,2641
2021.05.27,04:00,1896.551,1899.541,1896.550,1899.264,2116
2021.05.27,05:00,1899.265,1902.230,1897.363,1901.747,3091
2021.05.27,06:00,1901.796,1903.580,1898.191,1901.403,3925
2021.05.27,07:00,1901.449,1902.269,1897.454,1899.686,3503
2021.05.27,08:00,1899.675,1900.406,1894.006,1896.350,3552
2021.05.27,09:00,1896.396,1897.425,1895.224,1896.415,3012
2021.05.27,10:00,1896.419,1896.804,1894.164,1895.804,3076
2021.05.27,11:00,1895.852,1896.686,1891.521,1894.613,3972
2021.05.27,12:00,1894.617,1898.747,1889.480,1897.354,6654
2021.05.27,13:00,1897.401,1898.726,1888.111,1891.706,8247
2021.05.27,14:00,1891.651,1895.079,1888.333,1889.453,6543
2021.05.27,15:00,1889.499,1893.654,1889.470,1893.257,4567
2021.05.27,16:00,1893.303,1893.351,1890.165,1891.416,3520
2021.05.27,17:00,1891.459,1898.091,1891.441,1896.500,3834
2021.05.27,18:00,1896.455,1897.704,1895.382,1897.673,2989
2021.05.27,19:00,1897.665,1898.824,1897.329,1898.018,2687
2021.05.27,20:00,1897.972,1897.972,1895.891,1896.448,1419
2021.05.27,22:00,1896.907,1897.420,1896.105,1896.188,1064
2021.05.27,23:00,1896.194,1898.515,1896.194,1897.969,1479
2021.05.28,00:00,1897.992,1898.121,1896.105,1896.732,2245
2021.05.28,01:00,1896.779,1898.055,1893.771,1893.836,4148
2021.05.28,02:00,1893.791,1895.770,1892.954,1893.030,2954
2021.05.28,03:00,1893.058,1894.106,1892.895,1893.600,2396
2021.05.28,04:00,1893.601,1894.180,1892.489,1892.881,1919
2021.05.28,05:00,1892.884,1893.041,1889.441,1891.077,3446
2021.05.28,06:00,1891.074,1891.964,1887.714,1889.524,3746
2021.05.28,07:00,1889.564,1890.825,1888.530,1890.552,3390
2021.05.28,08:00,1890.551,1894.711,1890.122,1893.463,3187
2021.05.28,09:00,1893.437,1894.050,1891.920,1892.581,2747
2021.05.28,10:00,1892.535,1894.208,1892.314,1892.755,2541
2021.05.28,11:00,1892.800,1894.019,1890.265,1891.160,3373
2021.05.28,12:00,1891.150,1896.185,1882.063,1892.829,7881
2021.05.28,13:00,1892.874,1899.884,1890.103,1898.116,8197
2021.05.28,14:00,1898.069,1900.521,1892.725,1894.720,6166
2021.05.28,15:00,1894.774,1896.670,1893.160,1895.580,4061
2021.05.28,16:00,1895.630,1900.330,1895.630,1899.817,3565
2021.05.28,17:00,1899.839,1903.286,1899.839,1902.118,4120
2021.05.28,18:00,1902.165,1902.424,1899.843,1901.425,3335
2021.05.28,19:00,1901.461,1905.084,1901.185,1903.836,3081
2021.05.28,20:00,1903.882,1905.947,1903.006,1903.706,1894
2021.05.30,22:00,1903.805,1904.750,1903.265,1903.725,1117
2021.05.30,23:00,1903.685,1904.731,1903.214,1903.798,1289
2021.05.31,00:00,1903.845,1905.628,1902.566,1904.804,2389
2021.05.31,01:00,1904.812,1908.591,1904.576,1907.776,4342
2021.05.31,02:00,1907.778,1910.512,1907.152,1910.146,3226
2021.05.31,03:00,1910.100,1910.544,1908.026,1908.341,2496
2021.05.31,04:00,1908.345,1908.434,1906.300,1906.740,1703
2021.05.31,05:00,1906.727,1907.976,1905.001,1906.765,2700
2021.05.31,06:00,1906.769,1907.779,1903.422,1905.117,3127
2021.05.31,07:00,1905.070,1906.099,1903.957,1904.814,2825
2021.05.31,08:00,1904.797,1906.655,1904.092,1906.346,2895
2021.05.31,09:00,1906.301,1906.949,1904.036,1904.438,2746
2021.05.31,10:00,1904.443,1904.684,1902.582,1904.610,2431
2021.05.31,11:00,1904.616,1905.255,1902.063,1904.627,2344
2021.05.31,12:00,1904.626,1906.156,1904.019,1905.176,2555
2021.05.31,13:00,1905.130,1906.365,1903.616,1906.120,3470
2021.05.31,14:00,1906.165,1906.904,1904.190,1905.136,2901
2021.05.31,15:00,1905.088,1905.971,1904.640,1905.112,2485
2021.05.31,16:00,1905.084,1906.707,1904.886,1906.687,2041
2021.05.31,17:00,1906.664,1906.664,1906.640,1906.640,6
2021.05.31,22:00,1907.192,1908.210,1906.323,1907.590,1586
2021.05.31,23:00,1907.592,1908.260,1907.007,1907.978,1387
2021.06.01,00:00,1907.987,1908.560,1906.101,1908.037,2320
2021.06.01,01:00,1907.992,1913.773,1906.120,1911.965,4694
2021.06.01,02:00,1912.015,1914.361,1910.898,1911.093,3039
2021.06.01,03:00,1911.087,1913.107,1911.066,1911.403,2453
2021.06.01,04:00,1911.449,1912.237,1910.308,1910.561,1995
2021.06.01,05:00,1910.558,1912.631,1909.905,1912.300,2606
2021.06.01,06:00,1912.254,1916.446,1912.063,1915.256,3739
2021.06.01,07:00,1915.210,1915.313,1911.539,1912.642,3645
2021.06.01,08:00,1912.687,1912.825,1905.121,1911.467,4333
2021.06.01,09:00,1911.445,1911.857,1905.494,1905.494,3660
2021.06.01,10:00,1905.449,1908.037,1904.392,1906.108,3372
2021.06.01,11:00,1906.152,1908.934,1904.519,1908.934,3322
2021.06.01,12:00,1908.888,1911.137,1907.475,1910.099,4620
2021.06.01,13:00,1910.151,1911.910,1902.157,1903.658,6620
2021.06.01,14:00,1903.611,1908.769,1892.350,1894.947,9137
2021.06.01,15:00,1894.993,1899.783,1893.708,1899.691,4513
2021.06.01,16:00,1899.670,1903.817,1899.272,1903.255,3413
2021.06.01,17:00,1903.259,1903.594,1901.722,1903.102,2990
2021.06.01,18:00,1903.101,1903.487,1900.585,1900.796,2760
2021.06.01,19:00,1900.844,1900.866,1898.773,1899.845,2691
2021.06.01,20:00,1899.890,1900.316,1899.108,1900.250,1375
2021.06.01,22:00,1900.196,1900.196,1898.499,1899.218,1163
2021.06.01,23:00,1899.221,1899.837,1898.242,1898.747,1262
2021.06.02,00:00,1898.751,1899.629,1897.626,1898.807,1971
2021.06.02,01:00,1898.795,1902.155,1898.043,1898.152,3988
2021.06.02,02:00,1898.134,1900.808,1897.960,1899.299,3236
2021.06.02,03:00,1899.252,1899.350,1895.992,1897.875,2561
2021.06.02,04:00,1897.868,1897.943,1895.984,1896.237,1813
2021.06.02,05:00,1896.270,1900.455,1895.111,1898.393,2913
2021.06.02,06:00,1898.383,1899.262,1895.130,1897.393,4523
2021.06.02,07:00,1897.438,1900.605,1896.841,1898.355,3764
2021.06.02,08:00,1898.400,1900.387,1895.632,1896.276,3475
2021.06.02,09:00,1896.303,1897.572,1895.189,1897.156,3202
2021.06.02,10:00,1897.111,1897.505,1895.623,1895.795,2649
2021.06.02,11:00,1895.812,1901.165,1894.250,1901.082,3434
2021.06.02,12:00,1901.131,1906.885,1900.757,1904.537,4915
2021.06.02,13:00,1904.582,1908.683,1902.925,1903.126,5823
2021.06.02,14:00,1903.171,1905.812,1900.336,1901.443,4631
2021.06.02,15:00,1901.491,1906.190,1900.868,1905.387,3847
2021.06.02,16:00,1905.432,1906.834,1905.289,1906.385,3114
2021.06.02,17:00,1906.379,1907.502,1905.465,1906.849,3128
2021.06.02,18:00,1906.850,1908.202,1906.709,1907.743,2870
2021.06.02,19:00,1907.789,1908.961,1907.191,1908.866,2452
2021.06.02,20:00,1908.911,1908.954,1908.020,1908.204,1220
2021.06.02,22:00,1908.177,1908.688,1908.070,1908.683,701
2021.06.02,23:00,1908.638,1909.474,1907.419,1907.752,1036
2021.06.03,00:00,1907.756,1908.349,1907.265,1908.269,1596
2021.06.03,01:00,1908.262,1909.463,1905.529,1907.884,3585
2021.06.03,02:00,1907.838,1908.300,1904.337,1905.704,2960
2021.06.03,03:00,1905.718,1905.937,1904.011,1904.849,2124
2021.06.03,04:00,1904.850,1904.871,1903.461,1903.597,1604
2021.06.03,05:00,1903.552,1903.972,1900.366,1901.384,3015
2021.06.03,06:00,1901.421,1902.084,1895.394,1897.276,4364
2021.06.03,07:00,1897.285,1897.809,1890.595,1893.557,4117
2021.06.03,08:00,1893.603,1895.246,1891.842,1894.168,3510
2021.06.03,09:00,1894.121,1894.876,1891.945,1892.936,3013
2021.06.03,10:00,1892.908,1898.049,1892.801,1894.003,3982
2021.06.03,11:00,1894.021,1895.711,1891.651,1892.391,4103
2021.06.03,12:00,1892.345,1894.133,1882.046,1882.090,9717
2021.06.03,13:00,1882.040,1883.623,1865.124,1867.710,14085
2021.06.03,14:00,1867.663,1873.652,1863.442,1870.922,7605
2021.06.03,15:00,1870.968,1873.194,1868.351,1869.258,4802
2021.06.03,16:00,1869.212,1871.279,1868.263,1870.876,3562
2021.06.03,17:00,1870.869,1872.642,1870.181,1872.642,3070
2021.06.03,18:00,1872.596,1873.976,1871.941,1872.218,2970
2021.06.03,19:00,1872.223,1873.078,1870.825,1871.361,2255
2021.06.03,20:00,1871.407,1871.454,1870.306,1870.415,1217
2021.06.03,22:00,1871.456,1871.585,1870.698,1871.585,1088
2021.06.03,23:00,1871.586,1871.964,1870.741,1870.865,1139
2021.06.04,00:00,1870.856,1871.462,1868.678,1869.190,3205
2021.06.04,01:00,1869.189,1871.885,1855.573,1859.777,6524
2021.06.04,02:00,1859.823,1867.368,1859.421,1866.727,4227
2021.06.04,03:00,1866.690,1870.819,1866.690,1870.007,2486
2021.06.04,04:00,1869.997,1870.654,1868.221,1868.324,1826
2021.06.04,05:00,1868.296,1871.225,1865.560,1866.746,3260
2021.06.04,06:00,1866.690,1873.585,1866.302,1872.882,4526
2021.06.04,07:00,1872.844,1875.027,1870.590,1871.052,3907
2021.06.04,08:00,1871.100,1871.315,1868.212,1869.495,2898
2021.06.04,09:00,1869.486,1871.249,1868.664,1871.046,2674
2021.06.04,10:00,1871.042,1871.849,1869.442,1870.284,2539
2021.06.04,11:00,1870.332,1872.142,1868.674,1871.147,2873
2021.06.04,12:00,1871.101,1885.807,1869.479,1884.469,9036
2021.06.04,13:00,1884.423,1891.619,1884.423,1891.303,7485
2021.06.04,14:00,1891.349,1896.047,1890.019,1893.779,5218
2021.06.04,15:00,1893.824,1894.502,1892.138,1892.949,3634
2021.06.04,16:00,1892.998,1893.137,1888.942,1889.239,3184
2021.06.04,17:00,1889.233,1890.058,1888.181,1890.044,2891
2021.06.04,18:00,1890.068,1891.642,1890.068,1891.448,2561
2021.06.04,19:00,1891.460,1892.106,1890.578,1891.888,2007
2021.06.04,20:00,1891.933,1891.977,1890.417,1891.138,1098
2021.06.06,22:00,1889.994,1890.631,1889.259,1889.824,1129
2021.06.06,23:00,1889.825,1890.217,1888.646,1889.265,1144
2021.06.07,00:00,1889.246,1891.628,1888.694,1890.690,2285
2021.06.07,01:00,1890.632,1891.748,1886.907,1887.115,4172
2021.06.07,02:00,1887.101,1887.523,1884.915,1887.147,2876
2021.06.07,03:00,1887.132,1888.691,1886.305,1887.191,2603
2021.06.07,04:00,1887.183,1887.459,1885.521,1885.829,1770
2021.06.07,05:00,1885.833,1887.135,1883.369,1883.448,3224
2021.06.07,06:00,1883.445,1885.201,1882.018,1884.256,3551
2021.06.07,07:00,1884.230,1884.943,1881.455,1884.486,3773
2021.06.07,08:00,1884.479,1886.402,1881.942,1884.558,3562
2021.06.07,09:00,1884.594,1885.330,1882.692,1884.269,3041
2021.06.07,10:00,1884.249,1887.015,1883.978,1884.750,2714
2021.06.07,11:00,1884.700,1888.251,1884.700,1887.001,3218
2021.06.07,12:00,1887.042,1887.257,1884.529,1887.118,3896
2021.06.07,13:00,1887.069,1890.992,1885.935,1888.653,6712
2021.06.07,14:00,1888.703,1893.175,1887.600,1891.838,5129
2021.06.07,15:00,1891.845,1894.627,1891.721,1893.998,3842
2021.06.07,16:00,1894.058,1895.521,1894.058,1895.008,3016
2021.06.07,17:00,1895.016,1898.105,1894.698,1897.567,3191
2021.06.07,18:00,1897.615,1899.865,1897.615,1898.809,2756
2021.06.07,19:00,1898.872,1899.965,1897.719,1899.761,2493
2021.06.07,20:00,1899.712,1900.028,1898.646,1898.915,1289
2021.06.07,22:00,1899.290,1899.311,1898.364,1898.554,919
2021.06.07,23:00,1898.559,1899.433,1898.254,1898.633,962
2021.06.08,00:00,1898.622,1901.287,1898.591,1901.287,1879
2021.06.08,01:00,1901.290,1903.213,1897.892,1897.892,3724
2021.06.08,02:00,1897.927,1898.861,1895.998,1896.139,2966
2021.06.08,03:00,1896.151,1897.221,1895.530,1895.856,2446
2021.06.08,04:00,1895.875,1897.114,1895.177,1897.077,1693
2021.06.08,05:00,1897.071,1898.363,1894.870,1894.943,2802
2021.06.08,06:00,1894.898,1897.378,1894.335,1896.365,3448
2021.06.08,07:00,1896.356,1898.251,1892.471,1892.625,3952
2021.06.08,08:00,1892.585,1893.344,1889.617,1892.521,3845
2021.06.08,09:00,1892.475,1893.682,1890.459,1892.383,2876
2021.06.08,10:00,1892.337,1895.538,1891.119,1894.261,3729
2021.06.08,11:00,1894.215,1899.981,1893.832,1899.825,3275
2021.06.08,12:00,1899.780,1903.673,1889.776,1892.933,5908
2021.06.08,13:00,1892.947,1895.765,1883.740,1887.744,7455
2021.06.08,14:00,1887.796,1896.183,1886.905,1894.554,7016
2021.06.08,15:00,1894.568,1894.938,1890.620,1891.085,3939
2021.06.08,16:00,1891.077,1893.223,1890.774,1892.300,3240
2021.06.08,17:00,1892.254,1893.351,1891.493,1892.542,2941
2021.06.08,18:00,1892.588,1893.923,1891.817,1893.216,2669
2021.06.08,19:00,1893.170,1893.720,1892.112,1893.418,2206
2021.06.08,20:00,1893.373,1893.555,1892.702,1892.807,1205
2021.06.08,22:00,1892.047,1893.425,1891.575,1892.598,1032
2021.06.08,23:00,1892.618,1894.983,1892.093,1893.327,1456
2021.06.09,00:00,1893.315,1895.007,1893.081,1895.007,2069
2021.06.09,01:00,1894.958,1895.932,1892.307,1892.922,3658
2021.06.09,02:00,1892.948,1894.795,1891.359,1894.752,2570
2021.06.09,03:00,1894.747,1896.240,1893.792,1894.418,2113
2021.06.09,04:00,1894.365,1894.432,1893.144,1893.846,1685
2021.06.09,05:00,1893.891,1895.519,1892.157,1893.103,2612
2021.06.09,06:00,1893.058,1893.653,1890.448,1891.374,3622
2021.06.09,07:00,1891.388,1892.673,1889.478,1892.101,3280
2021.06.09,08:00,1892.147,1893.626,1888.258,1889.261,3676
2021.06.09,09:00,1889.311,1890.711,1887.254,1889.996,3099
2021.06.09,10:00,1889.991,1890.463,1888.885,1889.383,2565
2021.06.09,11:00,1889.431,1892.344,1888.412,1891.386,3409
2021.06.09,12:00,1891.435,1895.862,1888.588,1893.640,4898
2021.06.09,13:00,1893.593,1898.912,1892.988,1894.442,6568
2021.06.09,14:00,1894.381,1895.214,1887.902,1890.999,5740
2021.06.09,15:00,1890.953,1893.089,1889.770,1891.450,3253
2021.06.09,16:00,1891.436,1891.753,1890.495,1891.101,2882
2021.06.09,17:00,1891.094,1893.110,1890.754,1891.155,2986
2021.06.09,18:00,1891.157,1891.916,1890.583,1890.687,2485
2021.06.09,19:00,1890.641,1891.049,1888.556,1889.752,2427
2021.06.09,20:00,1889.797,1889.843,1888.465,1888.465,1032
2021.06.09,22:00,1888.693,1889.127,1888.201,1888.961,759
2021.06.09,23:00,1888.959,1889.077,1888.153,1888.618,942
2021.06.10,00:00,1888.632,1889.287,1885.030,1885.930,2310
2021.06.10,01:00,1885.780,1888.753,1884.243,1887.733,3611
2021.06.10,02:00,1887.720,1887.720,1884.153,1886.950,3000
2021.06.10,03:00,1886.969,1887.812,1886.683,1887.118,1885
2021.06.10,04:00,1887.150,1887.150,1885.023,1885.328,1667
2021.06.10,05:00,1885.342,1887.553,1882.485,1884.001,2762
2021.06.10,06:00,1883.955,1888.072,1883.072,1883.672,3901
2021.06.10,07:00,1883.623,1885.182,1876.308,1877.162,4829
2021.06.10,08:00,1877.336,1882.224,1876.766,1882.203,3295
2021.06.10,09:00,1882.157,1883.788,1879.627,1880.695,3042
2021.06.10,10:00,1880.691,1881.018,1879.273,1879.903,2933
2021.06.10,11:00,1879.909,1879.909,1875.952,1876.033,3763
2021.06.10,12:00,1875.984,1891.519,1869.900,1890.807,11045
2021.06.10,13:00,1890.855,1893.880,1884.718,1888.606,10450
2021.06.10,14:00,1888.652,1892.780,1887.583,1888.812,6098
2021.06.10,15:00,1888.766,1894.010,1888.691,1893.670,4297
2021.06.10,16:00,1893.719,1894.662,1891.731,1893.647,3790
2021.06.10,17:00,1893.693,1895.019,1892.655,1894.560,3607
2021.06.10,18:00,1894.512,1896.114,1894.199,1895.896,3045
2021.06.10,19:00,1895.866,1899.276,1895.569,1898.123,3386
2021.06.10,20:00,1898.076,1899.808,1897.904,1898.286,1872
2021.06.10,22:00,1898.336,1899.314,1897.324,1898.476,1572
2021.06.10,23:00,1898.469,1898.756,1897.503,1898.318,1206
2021.06.11,00:00,1898.294,1899.579,1897.307,1899.470,2081
2021.06.11,01:00,1899.413,1900.036,1897.457,1899.753,3933
2021.06.11,02:00,1899.764,1900.563,1898.986,1899.311,2943
2021.06.11,03:00,1899.328,1900.841,1898.784,1898.833,2375
2021.06.11,04:00,1898.793,1900.345,1898.430,1900.077,1608
2021.06.11,05:00,1900.123,1900.547,1898.578,1900.263,2523
2021.06.11,06:00,1900.315,1901.998,1898.237,1900.794,4035
2021.06.11,07:00,1900.812,1902.856,1899.205,1899.338,3662
2021.06.11,08:00,1899.293,1899.293,1893.630,1895.098,3909
2021.06.11,09:00,1895.097,1896.029,1888.828,1892.492,4245
2021.06.11,10:00,1892.487,1895.002,1890.676,1891.106,3291
2021.06.11,11:00,1891.151,1891.302,1887.227,1889.099,3874
2021.06.11,12:00,1889.150,1891.649,1883.488,1884.037,6550
2021.06.11,13:00,1884.086,1886.570,1880.935,1880.970,7027
2021.06.11,14:00,1880.956,1884.163,1878.386,1883.641,5734
2021.06.11,15:00,1883.636,1884.274,1875.126,1880.146,4619
2021.06.11,16:00,1880.160,1880.497,1876.046,1878.986,3398
2021.06.11,17:00,1878.973,1879.045,1874.891,1875.266,3006
2021.06.11,18:00,1875.268,1877.246,1874.321,1877.073,2791
2021.06.11,19:00,1877.118,1877.118,1875.149,1876.454,2404
2021.06.11,20:00,1876.500,1877.473,1875.508,1877.401,1415
2021.06.13,22:00,1876.160,1877.608,1873.332,1875.530,1858
2021.06.13,23:00,1875.474,1875.543,1873.194,1873.652,1920
2021.06.14,00:00,1873.604,1873.737,1870.481,1870.764,3385
2021.06.14,01:00,1870.743,1871.617,1863.722,1864.728,4085
2021.06.14,02:00,1864.745,1866.409,1863.177,1866.255,2714
2021.06.14,03:00,1866.247,1866.283,1863.451,1865.464,2330
2021.06.14,04:00,1865.417,1865.549,1860.001,1865.466,3156
2021.06.14,05:00,1865.421,1865.640,1863.434,1863.715,3036
2021.06.14,06:00,1863.705,1866.069,1858.682,1861.146,4547
2021.06.14,07:00,1861.101,1862.367,1856.760,1858.325,4168
2021.06.14,08:00,1858.279,1858.833,1854.745,1857.974,3672
2021.06.14,09:00,1857.940,1861.447,1856.790,1858.091,3505
2021.06.14,10:00,1858.110,1858.181,1852.619,1854.563,3823
2021.06.14,11:00,1854.616,1856.987,1853.323,1853.709,3816
2021.06.14,12:00,1853.663,1854.469,1844.212,1848.206,6683
2021.06.14,13:00,1848.158,1866.774,1847.052,1864.387,8356
2021.06.14,14:00,1864.343,1869.710,1862.346,1866.062,6943
2021.06.14,15:00,1866.119,1866.749,1862.542,1864.073,3677
2021.06.14,16:00,1864.122,1864.895,1862.804,1864.053,2673
2021.06.14,17:00,1864.099,1864.715,1863.084,1863.174,2247
2021.06.14,18:00,1863.179,1865.567,1863.179,1864.545,2151
2021.06.14,19:00,1864.537,1866.106,1864.400,1866.035,2151
2021.06.14,20:00,1866.053,1866.412,1865.436,1865.995,1165
2021.06.14,22:00,1866.429,1867.424,1866.160,1867.153,1033
2021.06.14,23:00,1867.145,1867.619,1865.779,1866.768,1624
2021.06.15,00:00,1866.757,1867.499,1865.698,1866.328,2236
2021.06.15,01:00,1866.348,1867.769,1858.658,1860.443,5826
2021.06.15,02:00,1860.393,1863.724,1859.552,1862.144,3382
2021.06.15,03:00,1862.114,1863.621,1860.292,1863.472,2453
2021.06.15,04:00,1863.426,1865.820,1863.372,1864.383,2086
2021.06.15,05:00,1864.382,1866.833,1863.703,1866.065,2738
2021.06.15,06:00,1866.110,1869.046,1865.374,1866.645,3877
2021.06.15,07:00,1866.690,1867.972,1865.748,1865.748,3187
2021.06.15,08:00,1865.758,1866.318,1862.151,1864.084,3330
2021.06.15,09:00,1864.038,1865.808,1862.552,1863.839,3107
2021.06.15,10:00,1863.812,1865.837,1863.002,1864.728,3087
2021.06.15,11:00,1864.774,1865.177,1862.824,1864.095,3150
2021.06.15,12:00,1864.049,1867.597,1861.152,1865.495,6652
2021.06.15,13:00,1865.541,1868.011,1863.633,1865.199,5899
2021.06.15,14:00,1865.150,1865.328,1857.549,1859.717,5633
2021.06.15,15:00,1859.671,1861.349,1855.586,1855.586,3593
2021.06.15,16:00,1855.631,1856.888,1851.529,1852.157,4091
2021.06.15,17:00,1852.173,1856.626,1852.041,1856.461,3566
2021.06.15,18:00,1856.452,1857.927,1856.143,1857.397,2944
2021.06.15,19:00,1857.390,1859.252,1856.622,1859.210,2562
2021.06.15,20:00,1859.149,1859.156,1858.232,1858.621,1268
2021.06.15,22:00,1859.221,1860.707,1858.489,1859.873,1416
2021.06.15,23:00,1859.824,1859.841,1857.213,1857.846,1479
2021.06.16,00:00,1857.892,1858.009,1854.354,1854.354,2104
2021.06.16,01:00,1854.363,1856.187,1853.430,1853.632,3194
2021.06.16,02:00,1853.586,1856.438,1853.161,1856.331,2567
2021.06.16,03:00,1856.310,1858.304,1855.590,1857.883,2529
2021.06.16,04:00,1857.894,1860.373,1857.351,1859.874,2129
2021.06.16,05:00,1859.872,1860.867,1858.817,1859.823,2546
2021.06.16,06:00,1859.824,1861.404,1858.086,1860.462,3241
2021.06.16,07:00,1860.430,1860.978,1856.889,1860.230,3555
2021.06.16,08:00,1860.262,1860.478,1858.497,1859.902,2800
2021.06.16,09:00,1859.895,1860.527,1857.771,1860.383,2700
2021.06.16,10:00,1860.371,1860.462,1854.912,1855.014,3122
2021.06.16,11:00,1854.968,1855.997,1852.699,1854.861,3338
2021.06.16,12:00,1854.888,1859.299,1853.961,1857.651,4209
2021.06.16,13:00,1857.646,1859.671,1855.909,1858.894,4863
2021.06.16,14:00,1858.939,1861.500,1854.910,1856.340,4673
2021.06.16,15:00,1856.360,1859.888,1855.373,1859.742,3404
2021.06.16,16:00,1859.756,1860.833,1857.623,1859.205,3585
2021.06.16,17:00,1859.221,1863.506,1857.568,1862.454,3352
2021.06.16,18:00,1862.525,1863.055,1831.385,1835.120,20465
2021.06.16,19:00,1835.072,1840.127,1827.193,1828.063,7779
2021.06.16,20:00,1828.015,1830.526,1803.264,1811.843,7122
2021.06.16,22:00,1812.386,1819.191,1809.728,1818.882,4041
2021.06.16,23:00,1818.824,1819.688,1816.667,1818.733,3156
2021.06.17,00:00,1818.758,1818.962,1814.476,1817.395,4146
2021.06.17,01:00,1817.397,1821.922,1815.865,1821.740,5421
2021.06.17,02:00,1821.689,1825.188,1821.268,1824.227,3726
2021.06.17,03:00,1824.180,1824.446,1821.633,1822.198,2990
2021.06.17,04:00,1822.201,1822.201,1820.599,1821.324,2305
2021.06.17,05:00,1821.344,1821.344,1817.071,1818.030,3367
2021.06.17,06:00,1817.975,1818.225,1809.568,1815.078,5887
2021.06.17,07:00,1815.124,1815.248,1805.229,1810.270,5219
2021.06.17,08:00,1810.220,1811.627,1802.662,1804.627,4569
2021.06.17,09:00,1804.577,1808.321,1804.332,1805.958,4212
2021.06.17,10:00,1805.960,1806.360,1795.129,1798.504,5366
2021.06.17,11:00,1798.458,1800.129,1785.568,1788.294,6463
2021.06.17,12:00,1788.247,1790.133,1775.652,1785.465,12404
2021.06.17,13:00,1785.415,1790.415,1779.194,1783.170,13197
2021.06.17,14:00,1783.135,1783.452,1774.877,1778.575,12272
2021.06.17,15:00,1778.543,1779.735,1766.982,1776.169,11539
2021.06.17,16:00,1776.137,1776.514,1769.420,1770.615,9588
2021.06.17,17:00,1770.647,1779.148,1770.303,1778.583,7159
2021.06.17,18:00,1778.617,1781.893,1777.737,1778.103,5462
2021.06.17,19:00,1778.133,1778.752,1771.287,1772.080,4507
2021.06.17,20:00,1772.025,1774.572,1769.585,1772.995,3026
2021.06.17,22:00,1775.060,1776.842,1774.756,1775.787,1984
2021.06.17,23:00,1775.764,1776.719,1773.605,1776.719,2031
2021.06.18,00:00,1776.672,1779.493,1776.009,1778.939,3601
2021.06.18,01:00,1778.918,1785.798,1777.255,1784.508,5026
2021.06.18,02:00,1784.477,1784.864,1781.446,1784.464,4001
2021.06.18,03:00,1784.465,1786.335,1783.193,1785.840,3006
2021.06.18,04:00,1785.874,1787.075,1783.733,1784.499,2846
2021.06.18,05:00,1784.449,1785.728,1782.058,1785.147,4631
2021.06.18,06:00,1785.181,1786.526,1782.662,1783.630,5399
2021.06.18,07:00,1783.597,1793.469,1783.567,1792.998,6056
2021.06.18,08:00,1792.947,1794.573,1790.120,1791.080,4848
2021.06.18,09:00,1791.110,1797.122,1790.304,1794.326,4227
2021.06.18,10:00,1794.365,1794.839,1791.150,1791.599,3787
2021.06.18,11:00,1791.607,1794.357,1790.570,1793.948,4044
2021.06.18,12:00,1793.994,1794.125,1775.167,1777.226,13847
2021.06.18,13:00,1777.196,1778.963,1772.384,1773.106,15208
2021.06.18,14:00,1773.060,1780.728,1769.019,1777.933,16850
2021.06.18,15:00,1777.900,1778.676,1773.463,1774.182,9245
2021.06.18,16:00,1774.151,1776.374,1771.852,1771.921,5549
2021.06.18,17:00,1771.890,1774.081,1768.421,1773.006,5929
2021.06.18,18:00,1772.974,1774.656,1769.494,1770.641,6472
2021.06.18,19:00,1770.674,1772.485,1762.260,1762.358,5075
2021.06.18,20:00,1762.312,1765.528,1760.860,1764.562,3621
2021.06.20,22:00,1768.728,1769.851,1767.355,1768.574,2474
2021.06.20,23:00,1768.605,1770.029,1767.590,1769.324,2591
2021.06.21,00:00,1769.320,1773.173,1768.532,1773.147,4250
2021.06.21,01:00,1773.124,1773.845,1770.696,1771.370,6264
2021.06.21,02:00,1771.340,1776.032,1771.154,1775.826,4270
2021.06.21,03:00,1775.851,1776.827,1773.766,1774.490,5481
2021.06.21,04:00,1774.495,1775.270,1772.786,1773.113,3468
2021.06.21,05:00,1773.121,1773.556,1766.444,1773.241,5728
2021.06.21,06:00,1773.227,1779.947,1772.527,1778.301,6838
2021.06.21,07:00,1778.332,1779.865,1774.139,1778.580,7087
2021.06.21,08:00,1778.625,1785.562,1777.813,1784.865,5940
2021.06.21,09:00,1784.897,1785.759,1782.154,1783.968,4690
2021.06.21,10:00,1783.998,1784.722,1781.790,1782.945,4554
2021.06.21,11:00,1782.975,1784.519,1782.008,1782.622,4681
2021.06.21,12:00,1782.618,1782.937,1773.832,1775.019,8553
2021.06.21,13:00,1774.988,1779.722,1773.596,1775.064,12248
2021.06.21,14:00,1775.098,1783.589,1773.445,1782.556,10634
2021.06.21,15:00,1782.587,1786.462,1781.614,1783.393,6069
2021.06.21,16:00,1783.400,1784.061,1781.983,1783.093,4198
2021.06.21,17:00,1783.123,1783.544,1782.035,1782.837,3864
2021.06.21,18:00,1782.842,1784.350,1782.356,1783.903,3487
2021.06.21,19:00,1783.873,1785.112,1782.478,1783.055,3224
2021.06.21,20:00,1783.116,1783.589,1782.529,1782.866,1551
2021.06.21,22:00,1783.850,1787.564,1783.238,1785.166,1944
2021.06.21,23:00,1785.215,1786.535,1783.267,1783.500,2497
2021.06.22,00:00,1783.490,1785.870,1782.962,1785.812,2529
2021.06.22,01:00,1785.736,1785.951,1782.745,1785.294,3839
2021.06.22,02:00,1785.344,1787.303,1784.263,1786.474,2995
2021.06.22,03:00,1786.461,1790.051,1786.095,1788.894,2633
2021.06.22,04:00,1788.896,1789.060,1787.560,1787.955,1657
2021.06.22,05:00,1788.004,1788.050,1779.330,1781.082,4289
2021.06.22,06:00,1780.993,1784.536,1779.941,1783.109,5122
2021.06.22,07:00,1783.139,1783.170,1776.995,1777.831,6322
2021.06.22,08:00,1777.877,1778.868,1776.408,1778.528,4961
2021.06.22,09:00,1778.531,1780.174,1777.622,1779.754,4484
2021.06.22,10:00,1779.709,1786.363,1779.100,1784.871,4142
2021.06.22,11:00,1784.844,1787.511,1780.575,1780.590,4514
2021.06.22,12:00,1780.623,1783.233,1772.255,1774.670,8248
2021.06.22,13:00,1774.639,1780.964,1772.957,1775.786,10321
2021.06.22,14:00,1775.754,1779.982,1774.176,1779.841,7166
2021.06.22,15:00,1779.810,1781.321,1774.714,1776.611,5019
2021.06.22,16:00,1776.609,1780.203,1776.203,1778.179,4138
2021.06.22,17:00,1778.209,1779.498,1776.837,1778.297,3687
2021.06.22,18:00,1778.328,1783.090,1777.571,1780.068,3875
2021.06.22,19:00,1780.100,1780.836,1775.778,1776.294,4146
2021.06.22,20:00,1776.236,1778.786,1775.103,1778.694,1980
2021.06.22,22:00,1779.470,1779.688,1778.547,1779.009,1235
2021.06.22,23:00,1779.030,1779.563,1777.426,1777.581,1781
2021.06.23,00:00,1777.578,1778.991,1777.210,1778.708,2526
2021.06.23,01:00,1778.732,1781.945,1777.696,1779.088,4176
2021.06.23,02:00,1779.108,1782.731,1778.641,1782.685,3837
2021.06.23,03:00,1782.673,1783.848,1781.104,1781.591,2990
2021.06.23,04:00,1781.622,1782.439,1780.991,1782.036,2217
2021.06.23,05:00,1782.040,1782.474,1777.510,1781.424,3602
2021.06.23,06:00,1781.431,1782.978,1779.566,1782.592,4620
2021.06.23,07:00,1782.657,1783.319,1779.155,1781.849,4831
2021.06.23,08:00,1781.837,1784.534,1781.573,1782.674,4623
2021.06.23,09:00,1782.705,1785.396,1781.584,1782.440,4020
2021.06.23,10:00,1782.410,1784.098,1781.685,1782.889,3539
2021.06.23,11:00,1782.920,1784.312,1780.883,1783.059,4402
2021.06.23,12:00,1783.090,1786.874,1779.957,1782.429,6937
2021.06.23,13:00,1782.398,1794.644,1781.305,1794.327,8489
2021.06.23,14:00,1794.369,1794.850,1789.347,1789.861,6258
2021.06.23,15:00,1789.891,1790.520,1785.699,1786.631,4749
2021.06.23,16:00,1786.644,1787.520,1782.150,1783.266,4694
2021.06.23,17:00,1783.234,1783.803,1780.992,1782.742,4122
2021.06.23,18:00,1782.716,1782.716,1776.885,1778.785,4039
2021.06.23,19:00,1778.818,1778.818,1773.162,1775.199,4246
2021.06.23,20:00,1775.169,1778.835,1775.000,1778.822,2256
2021.06.23,22:00,1778.501,1780.021,1778.143,1779.534,1713
2021.06.23,23:00,1779.553,1779.554,1774.199,1777.320,2123
2021.06.24,00:00,1777.289,1779.305,1776.661,1778.694,2470
2021.06.24,01:00,1778.696,1779.899,1774.219,1777.516,4559
2021.06.24,02:00,1777.510,1778.140,1774.851,1775.918,3622
2021.06.24,03:00,1775.917,1776.624,1774.659,1775.896,2504
2021.06.24,04:00,1775.902,1775.902,1772.832,1775.031,2170
2021.06.24,05:00,1775.032,1777.257,1773.872,1776.545,3275
2021.06.24,06:00,1776.514,1777.955,1775.113,1776.960,4562
2021.06.24,07:00,1776.930,1778.199,1775.010,1777.187,4841
2021.06.24,08:00,1777.197,1782.270,1776.821,1779.749,4354
2021.06.24,09:00,1779.718,1782.258,1779.427,1781.523,3600
2021.06.24,10:00,1781.492,1783.363,1780.268,1782.134,3334
2021.06.24,11:00,1782.165,1787.711,1781.890,1787.572,4679
2021.06.24,12:00,1787.542,1787.958,1782.346,1783.255,6700
2021.06.24,13:00,1783.301,1786.723,1781.543,1783.684,7428
2021.06.24,14:00,1783.720,1785.316,1775.863,1778.434,6656
2021.06.24,15:00,1778.466,1782.195,1778.193,1778.382,5189
2021.06.24,16:00,1778.351,1779.679,1776.330,1776.660,4200
2021.06.24,17:00,1776.629,1777.666,1774.469,1775.455,4016
2021.06.24,18:00,1775.458,1777.769,1775.452,1776.572,3429
2021.06.24,19:00,1776.583,1776.728,1773.726,1773.864,3246
2021.06.24,20:00,1773.886,1775.416,1773.525,1774.827,2107
2021.06.24,22:00,1776.242,1777.113,1775.923,1776.003,1238
2021.06.24,23:00,1775.997,1776.034,1774.583,1775.204,1483
2021.06.25,00:00,1775.158,1775.654,1773.694,1773.827,2607
2021.06.25,01:00,1773.872,1778.923,1773.703,1777.651,4467
2021.06.25,02:00,1777.668,1779.588,1777.047,1777.457,3340
2021.06.25,03:00,1777.487,1778.747,1776.872,1777.753,2555
2021.06.25,04:00,1777.758,1777.938,1775.869,1776.209,2259
2021.06.25,05:00,1776.220,1780.686,1775.675,1780.625,3312
2021.06.25,06:00,1780.594,1781.182,1777.036,1779.770,4626
2021.06.25,07:00,1779.745,1783.322,1779.345,1782.565,4332
2021.06.25,08:00,1782.535,1783.670,1781.663,1782.655,3683
2021.06.25,09:00,1782.631,1784.863,1782.080,1782.514,3579
2021.06.25,10:00,1782.544,1783.394,1781.274,1783.098,3283
2021.06.25,11:00,1783.068,1785.417,1782.230,1785.035,3383
2021.06.25,12:00,1785.036,1790.271,1783.271,1785.349,7674
2021.06.25,13:00,1785.352,1789.620,1785.212,1788.146,7938
2021.06.25,14:00,1788.088,1788.168,1781.285,1781.970,7441
2021.06.25,15:00,1781.980,1782.169,1778.304,1779.041,5554
2021.06.25,16:00,1779.075,1779.215,1776.279,1777.083,4054
2021.06.25,17:00,1777.053,1778.248,1776.608,1777.045,3810
2021.06.25,18:00,1777.074,1778.604,1776.848,1778.113,3234
2021.06.25,19:00,1778.082,1779.498,1777.629,1779.244,2902
2021.06.25,20:00,1779.196,1781.474,1779.079,1781.361,1404
2021.06.27,22:00,1781.264,1782.753,1780.545,1782.738,1310
2021.06.27,23:00,1782.692,1782.743,1781.377,1781.905,1533
2021.06.28,00:00,1781.858,1781.917,1779.956,1780.570,2481
2021.06.28,01:00,1780.569,1781.601,1770.538,1773.363,6352
2021.06.28,02:00,1773.331,1779.715,1771.692,1779.242,4793
2021.06.28,03:00,1779.273,1780.217,1778.553,1779.115,3100
2021.06.28,04:00,1779.126,1781.599,1778.948,1780.783,2212
2021.06.28,05:00,1780.781,1785.619,1780.418,1785.571,3647
2021.06.28,06:00,1785.539,1785.669,1782.091,1782.482,4181
2021.06.28,07:00,1782.451,1784.525,1781.536,1783.277,4037
2021.06.28,08:00,1783.247,1783.272,1774.103,1779.127,4894
2021.06.28,09:00,1779.130,1779.439,1774.246,1776.048,4026
2021.06.28,10:00,1776.049,1779.018,1775.743,1778.065,3467
2021.06.28,11:00,1778.073,1778.646,1773.698,1774.581,4035
2021.06.28,12:00,1774.580,1778.481,1773.304,1777.610,5999
2021.06.28,13:00,1777.580,1782.934,1776.976,1780.142,7659
2021.06.28,14:00,1780.112,1782.598,1777.025,1777.832,6129
2021.06.28,15:00,1777.868,1782.400,1777.837,1780.903,4942
2021.06.28,16:00,1780.880,1781.147,1779.456,1779.461,3746
2021.06.28,17:00,1779.491,1780.470,1777.676,1779.696,3593
2021.06.28,18:00,1779.664,1780.134,1778.013,1778.974,2827
2021.06.28,19:00,1779.004,1779.419,1777.663,1779.254,2647
2021.06.28,20:00,1779.248,1779.428,1777.995,1777.995,1343
2021.06.28,22:00,1778.402,1778.709,1777.706,1777.718,907
2021.06.28,23:00,1777.680,1778.259,1776.824,1778.108,1230
2021.06.29,00:00,1778.097,1778.166,1775.315,1775.734,2476
2021.06.29,01:00,1775.739,1777.585,1774.391,1774.478,4143
2021.06.29,02:00,1774.460,1776.399,1774.075,1775.810,3161
2021.06.29,03:00,1775.804,1776.166,1774.035,1775.170,3037
2021.06.29,04:00,1775.178,1775.410,1773.782,1774.548,2169
2021.06.29,05:00,1774.547,1778.940,1774.297,1778.257,3336
2021.06.29,06:00,1778.292,1778.387,1773.827,1776.404,4334
2021.06.29,07:00,1776.411,1776.676,1772.203,1773.380,4504
2021.06.29,08:00,1773.349,1773.349,1767.498,1769.387,5937
2021.06.29,09:00,1769.354,1772.197,1768.192,1771.949,3949
2021.06.29,10:00,1771.943,1772.306,1768.397,1768.997,3458
2021.06.29,11:00,1768.966,1773.198,1764.008,1770.502,5866
2021.06.29,12:00,1770.520,1775.891,1750.621,1754.570,13868
2021.06.29,13:00,1754.601,1759.235,1751.313,1756.467,12848
2021.06.29,14:00,1756.497,1756.908,1752.400,1754.577,8262
2021.06.29,15:00,1754.567,1763.978,1754.567,1762.623,5977
2021.06.29,16:00,1762.642,1765.789,1761.767,1763.072,4478
2021.06.29,17:00,1763.039,1764.346,1761.431,1761.897,3305
2021.06.29,18:00,1761.904,1765.405,1761.614,1763.855,3524
2021.06.29,19:00,1763.871,1764.009,1760.151,1761.007,3433
2021.06.29,20:00,1761.047,1761.789,1760.490,1761.046,1455
2021.06.29,22:00,1761.770,1762.362,1760.968,1761.646,1081
2021.06.29,23:00,1761.647,1762.009,1760.868,1761.441,1216
2021.06.30,00:00,1761.456,1762.921,1761.150,1762.480,2114
2021.06.30,01:00,1762.321,1764.059,1759.031,1763.321,4764
2021.06.30,02:00,1763.291,1764.643,1762.815,1763.613,3109
2021.06.30,03:00,1763.581,1763.814,1760.898,1761.124,2741
2021.06.30,04:00,1761.108,1762.545,1757.541,1758.980,2665
2021.06.30,05:00,1758.987,1760.210,1756.537,1756.631,3808
2021.06.30,06:00,1756.632,1760.959,1755.828,1759.969,4597
2021.06.30,07:00,1760.001,1760.346,1755.545,1755.549,5278
2021.06.30,08:00,1755.545,1757.337,1753.297,1756.481,4832
2021.06.30,09:00,1756.489,1759.214,1755.828,1756.977,4050
2021.06.30,10:00,1757.008,1760.077,1756.419,1756.873,3448
2021.06.30,11:00,1756.841,1761.818,1756.494,1760.656,4573
2021.06.30,12:00,1760.686,1761.418,1754.991,1757.099,8244
2021.06.30,13:00,1757.115,1762.215,1754.848,1760.262,9267
2021.06.30,14:00,1760.231,1767.715,1760.214,1765.596,8721
2021.06.30,15:00,1765.564,1767.734,1763.848,1765.399,5287
2021.06.30,16:00,1765.432,1774.372,1765.432,1772.150,5218
2021.06.30,17:00,1772.146,1772.845,1768.788,1769.430,4468
2021.06.30,18:00,1769.399,1769.979,1768.153,1769.298,3171
2021.06.30,19:00,1769.329,1771.956,1768.653,1769.852,3272
2021.06.30,20:00,1769.821,1770.544,1769.397,1770.347,2061
2021.06.30,22:00,1770.022,1770.159,1768.527,1769.227,1164
2021.06.30,23:00,1769.229,1770.132,1767.693,1768.131,1430
2021.07.01,00:00,1768.132,1768.602,1766.161,1766.177,2458
2021.07.01,01:00,1766.222,1772.150,1765.633,1771.381,4523
2021.07.01,02:00,1771.349,1775.261,1770.177,1774.409,3664
2021.07.01,03:00,1774.443,1776.103,1773.446,1775.970,3093
2021.07.01,04:00,1775.949,1776.657,1774.329,1774.500,2281
2021.07.01,05:00,1774.499,1777.264,1773.058,1776.871,3636
2021.07.01,06:00,1776.902,1779.019,1775.921,1777.754,4879
2021.07.01,07:00,1777.765,1778.392,1774.739,1776.869,4669
2021.07.01,08:00,1776.899,1778.147,1773.743,1774.543,4458
2021.07.01,09:00,1774.513,1775.671,1772.919,1775.588,4342
2021.07.01,10:00,1775.611,1776.874,1774.068,1776.869,4081
2021.07.01,11:00,1776.882,1779.702,1775.016,1776.769,4709
2021.07.01,12:00,1776.770,1779.429,1772.357,1777.667,7241
2021.07.01,13:00,1777.697,1782.757,1777.265,1779.806,8202
2021.07.01,14:00,1779.785,1782.743,1772.889,1774.196,9233
2021.07.01,15:00,1774.162,1775.389,1768.249,1770.979,6906
2021.07.01,16:00,1770.948,1772.116,1768.614,1771.788,4228
2021.07.01,17:00,1771.757,1776.798,1771.649,1773.222,4500
2021.07.01,18:00,1773.253,1775.685,1772.675,1774.826,3296
2021.07.01,19:00,1774.795,1776.133,1774.351,1776.077,2746
2021.07.01,20:00,1776.046,1776.940,1775.310,1776.671,1403
2021.07.01,22:00,1776.891,1776.891,1775.685,1776.230,1078
2021.07.01,23:00,1776.260,1776.430,1775.121,1775.505,1397
2021.07.02,00:00,1775.495,1778.383,1774.976,1777.194,2293
2021.07.02,01:00,1777.185,1779.770,1776.177,1778.188,4271
2021.07.02,02:00,1778.158,1778.717,1777.109,1778.414,2875
2021.07.02,03:00,1778.384,1779.415,1778.159,1778.910,2365
2021.07.02,04:00,1778.907,1778.991,1777.744,1777.977,1748
2021.07.02,05:00,1777.976,1779.633,1777.319,1778.029,3013
2021.07.02,06:00,1777.978,1778.843,1775.844,1775.844,4156
2021.07.02,07:00,1775.843,1778.395,1774.291,1777.992,4613
2021.07.02,08:00,1778.024,1784.186,1777.746,1781.960,4919
2021.07.02,09:00,1781.944,1783.863,1781.209,1781.763,3580
2021.07.02,10:00,1781.730,1787.992,1781.594,1787.078,3815
2021.07.02,11:00,1787.077,1788.727,1784.924,1785.896,4120
2021.07.02,12:00,1785.893,1793.570,1775.863,1789.534,11145
2021.07.02,13:00,1789.488,1794.983,1780.080,1785.527,10560
2021.07.02,14:00,1785.510,1786.580,1777.953,1782.802,8383
2021.07.02,15:00,1782.834,1785.690,1781.491,1782.815,5249
2021.07.02,16:00,1782.785,1783.031,1781.507,1781.964,3885
2021.07.02,17:00,1781.995,1788.205,1781.724,1787.974,3788
2021.07.02,18:00,1787.943,1791.777,1787.913,1789.951,3466
2021.07.02,19:00,1789.920,1791.323,1786.331,1787.755,2854
2021.07.02,20:00,1787.708,1788.455,1786.023,1787.446,1227
2021.07.04,22:00,1787.277,1787.581,1785.461,1785.467,1141
2021.07.04,23:00,1785.468,1786.886,1785.465,1786.184,1470
2021.07.05,00:00,1786.187,1786.192,1784.426,1785.908,2074
2021.07.05,01:00,1785.904,1789.843,1784.978,1789.333,4016
2021.07.05,02:00,1789.336,1789.572,1787.231,1787.963,2753
2021.07.05,03:00,1787.949,1788.376,1785.325,1785.447,2261
2021.07.05,04:00,1785.460,1787.898,1785.283,1787.373,1749
2021.07.05,05:00,1787.376,1788.257,1785.884,1786.116,2690
2021.07.05,06:00,1786.112,1791.126,1784.662,1790.451,3623
2021.07.05,07:00,1790.406,1793.002,1789.019,1792.620,3473
2021.07.05,08:00,1792.650,1794.547,1790.919,1792.684,3120
2021.07.05,09:00,1792.725,1793.390,1790.005,1791.367,3119
2021.07.05,10:00,1791.358,1793.207,1790.645,1793.006,2609
2021.07.05,11:00,1793.052,1793.120,1789.150,1789.559,2682
2021.07.05,12:00,1789.563,1792.552,1789.563,1791.787,3021
2021.07.05,13:00,1791.788,1793.098,1790.913,1791.102,3271
2021.07.05,14:00,1791.148,1791.908,1790.128,1790.954,2667
2021.07.05,15:00,1790.956,1791.799,1789.787,1790.823,2291
2021.07.05,16:00,1790.839,1791.812,1789.962,1791.649,1819
2021.07.05,22:05,1791.634,1792.698,1791.300,1791.385,1198
2021.07.05,23:05,1791.386,1792.097,1790.794,1791.224,1160
2021.07.06,00:00,1791.212,1792.716,1790.916,1791.825,2207
2021.07.06,01:00,1791.824,1796.209,1790.849,1795.529,3965
2021.07.06,02:00,1795.511,1799.833,1794.498,1797.477,3590
2021.07.06,03:00,1797.498,1799.044,1796.742,1797.315,2630
2021.07.06,04:00,1797.316,1800.682,1797.316,1800.682,2724
2021.07.06,05:00,1800.694,1804.184,1800.037,1803.879,3259
2021.07.06,06:00,1803.927,1806.471,1803.927,1804.840,3926
2021.07.06,07:00,1804.839,1809.087,1804.756,1807.293,4033
2021.07.06,08:00,1807.330,1807.722,1802.284,1805.797,3995
2021.07.06,09:00,1805.847,1808.401,1805.518,1807.363,3512
2021.07.06,10:00,1807.380,1809.176,1806.195,1807.323,3070
2021.07.06,11:00,1807.371,1810.759,1806.754,1809.821,3441
2021.07.06,12:00,1809.772,1814.961,1807.514,1809.224,5422
2021.07.06,13:00,1809.204,1811.368,1806.419,1810.598,6814
2021.07.06,14:00,1810.644,1812.495,1803.815,1804.570,8015
2021.07.06,15:00,1804.520,1805.579,1795.733,1796.641,6119
2021.07.06,16:00,1796.594,1796.639,1789.852,1794.194,6671
2021.07.06,17:00,1794.170,1796.271,1792.951,1795.478,3959
2021.07.06,18:00,1795.447,1797.415,1794.239,1796.606,3360
2021.07.06,19:00,1796.662,1797.590,1796.277,1796.540,2737
2021.07.06,20:00,1796.493,1797.268,1796.243,1797.049,1404
2021.07.06,22:00,1796.224,1796.858,1795.030,1795.413,1319
2021.07.06,23:00,1795.382,1796.583,1795.053,1795.550,1784
2021.07.07,00:00,1795.503,1795.957,1793.869,1795.229,2765
2021.07.07,01:00,1795.227,1802.815,1794.227,1802.379,4049
2021.07.07,02:00,1802.382,1802.742,1799.269,1799.951,2788
2021.07.07,03:00,1799.964,1801.176,1798.420,1801.037,2238
2021.07.07,04:00,1801.042,1801.692,1797.349,1797.905,2473
2021.07.07,05:00,1797.853,1802.434,1797.407,1801.796,3026
2021.07.07,06:00,1801.750,1804.560,1800.281,1803.152,3591
2021.07.07,07:00,1803.106,1806.622,1800.779,1805.419,3743
2021.07.07,08:00,1805.372,1807.577,1803.316,1804.340,3483
2021.07.07,09:00,1804.338,1806.493,1803.223,1806.428,3026
2021.07.07,10:00,1806.407,1808.320,1805.971,1806.649,3115
2021.07.07,11:00,1806.602,1808.411,1806.050,1806.501,2931
2021.07.07,12:00,1806.524,1809.674,1803.551,1804.510,5446
2021.07.07,13:00,1804.464,1807.573,1800.691,1806.711,6373
2021.07.07,14:00,1806.760,1807.179,1796.903,1805.567,7443
2021.07.07,15:00,1805.522,1806.864,1800.641,1803.435,4732
2021.07.07,16:00,1803.470,1805.409,1801.109,1801.689,3799
2021.07.07,17:00,1801.731,1803.983,1800.512,1803.152,3453
2021.07.07,18:00,1803.125,1808.160,1802.614,1803.903,5300
2021.07.07,19:00,1803.949,1804.724,1802.342,1803.451,3110
2021.07.07,20:00,1803.404,1803.907,1802.353,1803.641,1514
2021.07.07,22:00,1803.677,1805.369,1803.313,1805.212,1228
2021.07.07,23:00,1805.213,1805.502,1803.282,1803.285,1589
2021.07.08,00:00,1803.280,1804.771,1802.671,1804.352,2287
2021.07.08,01:00,1804.346,1804.902,1799.136,1799.631,3895
2021.07.08,02:00,1799.605,1800.586,1796.384,1798.301,3368
2021.07.08,03:00,1798.298,1799.526,1797.296,1797.421,2333
2021.07.08,04:00,1797.420,1798.402,1796.217,1797.816,1932
2021.07.08,05:00,1797.814,1799.221,1796.426,1797.904,3152
2021.07.08,06:00,1797.857,1799.576,1796.325,1797.339,4260
2021.07.08,07:00,1797.337,1810.799,1797.279,1807.313,5723
2021.07.08,08:00,1807.362,1815.110,1805.242,1813.345,5510
2021.07.08,09:00,1813.342,1814.152,1809.169,1812.846,4267
2021.07.08,10:00,1812.891,1817.836,1806.471,1817.338,4835
2021.07.08,11:00,1817.289,1817.334,1812.645,1814.041,4872
2021.07.08,12:00,1814.023,1818.312,1811.744,1813.523,6167
2021.07.08,13:00,1813.487,1816.943,1807.110,1808.500,8199
2021.07.08,14:00,1808.547,1810.514,1801.488,1801.507,6820
2021.07.08,15:00,1801.552,1802.254,1793.986,1796.722,6087
2021.07.08,16:00,1796.687,1798.589,1796.178,1797.498,3766
2021.07.08,17:00,1797.503,1800.619,1797.457,1799.664,3458
2021.07.08,18:00,1799.632,1800.272,1798.324,1800.244,3170
2021.07.08,19:00,1800.248,1802.798,1796.527,1802.170,3401
2021.07.08,20:00,1802.125,1803.642,1801.727,1802.306,1797
2021.07.08,22:00,1802.690,1803.369,1802.437,1803.005,1025
2021.07.08,23:00,1803.051,1804.422,1802.600,1803.723,1500
2021.07.09,00:00,1803.736,1804.151,1800.631,1800.696,2618
2021.07.09,01:00,1800.651,1807.118,1799.230,1806.208,4326
2021.07.09,02:00,1806.254,1807.751,1803.504,1806.306,3243
2021.07.09,03:00,1806.308,1806.530,1804.452,1805.178,2824
2021.07.09,04:00,1805.192,1805.309,1801.129,1801.142,2575
2021.07.09,05:00,1801.187,1803.134,1799.524,1800.193,3723
2021.07.09,06:00,1800.148,1801.668,1796.594,1798.351,4289
2021.07.09,07:00,1798.340,1805.931,1796.816,1804.546,4625
2021.07.09,08:00,1804.591,1805.644,1800.501,1802.509,3852
2021.07.09,09:00,1802.475,1805.607,1801.350,1804.413,3889
2021.07.09,10:00,1804.383,1805.127,1802.629,1802.919,3468
2021.07.09,11:00,1802.874,1803.086,1798.182,1800.192,4287
2021.07.09,12:00,1800.146,1803.857,1798.427,1802.372,4816
2021.07.09,13:00,1802.379,1805.079,1801.095,1803.753,5183
2021.07.09,14:00,1803.799,1808.591,1803.600,1808.264,5558
2021.07.09,15:00,1808.312,1811.501,1807.295,1807.862,3926
2021.07.09,16:00,1807.863,1810.455,1807.849,1810.268,3056
2021.07.09,17:00,1810.319,1811.356,1809.157,1810.502,2911
2021.07.09,18:00,1810.500,1812.270,1809.933,1812.111,2716
2021.07.09,19:00,1812.141,1812.251,1807.691,1807.898,2623
2021.07.09,20:00,1807.925,1808.863,1807.157,1808.222,1195
2021.07.11,22:00,1808.049,1808.396,1807.354,1807.730,1197
2021.07.11,23:00,1807.769,1808.455,1806.301,1806.405,1349
2021.07.12,00:00,1806.452,1809.359,1805.429,1808.869,2216
2021.07.12,01:00,1808.870,1810.773,1804.218,1805.415,3785
2021.07.12,02:00,1805.467,1807.309,1804.958,1805.235,2890
2021.07.12,03:00,1805.241,1805.509,1802.241,1802.915,2430
2021.07.12,04:00,1802.906,1803.742,1801.904,1802.920,1906
2021.07.12,05:00,1802.930,1802.930,1800.308,1802.297,2720
2021.07.12,06:00,1802.298,1802.346,1798.907,1800.760,3318
2021.07.12,07:00,1800.780,1806.121,1798.882,1803.965,3782
2021.07.12,08:00,1803.978,1804.945,1801.882,1803.097,3093
2021.07.12,09:00,1803.142,1804.969,1800.444,1801.750,3507
2021.07.12,10:00,1801.796,1802.308,1798.518,1800.259,3476
2021.07.12,11:00,1800.305,1801.562,1798.196,1799.979,3331
2021.07.12,12:00,1799.974,1803.940,1798.926,1802.774,4290
2021.07.12,13:00,1802.729,1805.049,1792.012,1792.267,6467
2021.07.12,14:00,1792.298,1807.420,1791.409,1805.248,6414
2021.07.12,15:00,1805.295,1806.550,1803.205,1805.090,3741
2021.07.12,16:00,1805.145,1806.078,1804.302,1805.627,3054
2021.07.12,17:00,1805.624,1806.217,1803.913,1805.716,2941
2021.07.12,18:00,1805.726,1806.511,1805.142,1806.404,2600
2021.07.12,19:00,1806.397,1807.434,1805.157,1806.278,2711
2021.07.12,20:00,1806.233,1806.274,1805.024,1806.028,1360
2021.07.12,22:00,1806.205,1806.987,1806.060,1806.909,869
2021.07.12,23:00,1806.955,1807.489,1806.354,1807.082,1061
2021.07.13,00:00,1807.079,1808.484,1806.707,1807.160,1923
2021.07.13,01:00,1807.206,1811.017,1806.714,1810.645,2839
2021.07.13,02:00,1810.641,1812.673,1809.527,1811.768,2549
2021.07.13,03:00,1811.815,1811.871,1808.699,1809.291,1908
2021.07.13,04:00,1809.296,1810.262,1808.523,1809.691,1503
2021.07.13,05:00,1809.645,1809.736,1806.055,1806.545,2514
2021.07.13,06:00,1806.601,1812.275,1806.387,1810.632,3365
2021.07.13,07:00,1810.587,1812.061,1809.558,1809.884,3400
2021.07.13,08:00,1809.931,1809.931,1805.766,1808.892,3099
2021.07.13,09:00,1808.897,1809.405,1806.416,1808.277,2795
2021.07.13,10:00,1808.250,1809.939,1807.295,1808.596,2613
2021.07.13,11:00,1808.551,1809.470,1807.011,1809.353,2905
2021.07.13,12:00,1809.307,1816.915,1798.539,1800.155,9018
2021.07.13,13:00,1800.188,1815.197,1798.825,1813.825,9190
2021.07.13,14:00,1813.780,1814.343,1808.646,1812.750,5650
2021.07.13,15:00,1812.800,1814.821,1810.565,1813.205,3582
2021.07.13,16:00,1813.215,1813.882,1811.195,1811.468,3072
2021.07.13,17:00,1811.465,1811.551,1807.082,1807.321,4556
2021.07.13,18:00,1807.309,1809.558,1805.148,1807.349,3784
2021.07.13,19:00,1807.301,1809.520,1806.331,1808.401,3149
2021.07.13,20:00,1808.452,1808.709,1806.959,1807.550,1411
2021.07.13,22:00,1807.794,1808.193,1807.521,1807.579,1037
2021.07.13,23:00,1807.555,1807.555,1805.550,1805.994,1340
2021.07.14,00:00,1805.999,1807.757,1804.457,1807.276,2312
2021.07.14,01:00,1807.277,1810.353,1806.784,1808.906,3563
2021.07.14,02:00,1808.878,1812.460,1808.648,1811.620,2724
2021.07.14,03:00,1811.614,1813.474,1811.614,1812.592,2031
2021.07.14,04:00,1812.594,1813.788,1811.210,1811.667,1664
2021.07.14,05:00,1811.663,1813.731,1811.578,1812.840,2397
2021.07.14,06:00,1812.861,1814.987,1811.894,1812.282,3259
2021.07.14,07:00,1812.249,1813.841,1809.700,1812.595,3589
2021.07.14,08:00,1812.605,1815.282,1811.467,1813.992,3308
2021.07.14,09:00,1814.001,1814.977,1812.691,1813.829,3041
2021.07.14,10:00,1813.877,1817.461,1813.177,1815.170,3384
2021.07.14,11:00,1815.124,1817.709,1814.668,1816.795,3424
2021.07.14,12:00,1816.840,1829.624,1816.438,1828.536,8791
2021.07.14,13:00,1828.483,1829.707,1820.424,1823.234,6538
2021.07.14,14:00,1823.187,1825.614,1819.409,1820.470,6033
2021.07.14,15:00,1820.423,1824.206,1819.762,1822.528,4491
2021.07.14,16:00,1822.574,1823.210,1820.049,1821.823,3540
2021.07.14,17:00,1821.864,1825.333,1821.725,1823.799,3338
2021.07.14,18:00,1823.803,1825.999,1823.562,1825.069,2980
2021.07.14,19:00,1825.116,1827.333,1825.064,1827.333,2714
2021.07.14,20:00,1827.303,1828.165,1826.917,1827.322,1382
2021.07.14,22:00,1827.179,1828.603,1825.566,1826.142,1777
2021.07.14,23:00,1826.183,1827.616,1825.557,1826.376,1522
2021.07.15,00:00,1826.388,1827.581,1824.734,1824.912,2213
2021.07.15,01:00,1824.957,1829.086,1824.220,1827.628,3325
2021.07.15,02:00,1827.611,1828.083,1825.181,1825.892,2584
2021.07.15,03:00,1825.896,1826.129,1823.613,1825.500,2233
2021.07.15,04:00,1825.503,1827.052,1825.417,1826.095,1843
2021.07.15,05:00,1826.092,1829.912,1825.794,1828.883,2802
2021.07.15,06:00,1828.930,1832.576,1828.770,1831.126,3756
2021.07.15,07:00,1831.101,1834.039,1830.733,1830.735,3527
2021.07.15,08:00,1830.689,1832.431,1829.443,1832.217,3307
2021.07.15,09:00,1832.164,1832.854,1831.309,1831.913,2720
2021.07.15,10:00,1831.903,1832.107,1823.347,1824.123,4298
2021.07.15,11:00,1824.171,1826.632,1822.592,1825.715,4173
2021.07.15,12:00,1825.702,1828.515,1822.453,1823.310,4911
2021.07.15,13:00,1823.261,1827.065,1822.288,1825.264,5285
2021.07.15,14:00,1825.216,1825.454,1820.436,1821.083,5459
2021.07.15,15:00,1821.062,1825.894,1820.217,1825.372,3769
2021.07.15,16:00,1825.417,1827.286,1824.715,1826.962,3461
2021.07.15,17:00,1826.963,1829.773,1826.071,1829.527,3620
2021.07.15,18:00,1829.536,1829.726,1827.689,1828.823,3151
2021.07.15,19:00,1828.825,1830.194,1827.605,1828.382,3003
2021.07.15,20:00,1828.332,1829.700,1828.191,1829.423,1348
2021.07.15,22:00,1829.544,1830.113,1829.055,1829.781,1148
2021.07.15,23:00,1829.772,1831.928,1829.450,1829.450,1412
2021.07.16,00:00,1829.452,1831.140,1829.136,1829.267,2260
2021.07.16,01:00,1829.291,1831.446,1826.045,1826.249,3487
2021.07.16,02:00,1826.295,1827.178,1825.645,1826.787,2315
2021.07.16,03:00,1826.785,1829.004,1826.610,1827.383,2200
2021.07.16,04:00,1827.403,1827.804,1826.138,1826.361,1483
2021.07.16,05:00,1826.407,1827.174,1824.520,1824.553,2510
2021.07.16,06:00,1824.500,1826.054,1823.515,1823.817,3304
2021.07.16,07:00,1823.791,1826.194,1820.618,1822.656,3653
2021.07.16,08:00,1822.609,1824.620,1821.584,1822.781,3273
2021.07.16,09:00,1822.746,1824.067,1821.578,1823.752,3049
2021.07.16,10:00,1823.757,1824.101,1816.909,1819.443,3274
2021.07.16,11:00,1819.396,1820.160,1815.394,1817.815,4025
2021.07.16,12:00,1817.766,1825.324,1817.217,1822.762,5897
2021.07.16,13:00,1822.755,1826.468,1821.596,1824.938,6118
2021.07.16,14:00,1824.941,1825.895,1811.840,1812.660,8298
2021.07.16,15:00,1812.616,1814.687,1809.357,1812.689,5540
2021.07.16,16:00,1812.691,1817.070,1812.405,1815.205,3705
2021.07.16,17:00,1815.252,1816.342,1812.605,1812.744,3478
2021.07.16,18:00,1812.707,1813.777,1811.443,1813.205,3106
2021.07.16,19:00,1813.239,1813.483,1808.937,1810.295,3289
2021.07.16,20:00,1810.340,1812.008,1810.010,1812.007,1439
2021.07.18,22:00,1811.224,1812.097,1810.351,1811.956,1504
2021.07.18,23:00,1811.951,1815.844,1811.795,1815.700,1823
2021.07.19,00:00,1815.654,1817.250,1814.252,1814.781,2568
2021.07.19,01:00,1814.803,1816.168,1812.304,1812.571,3643
2021.07.19,02:00,1812.567,1813.926,1811.758,1811.916,2672
2021.07.19,03:00,1811.870,1813.948,1811.075,1812.998,2170
2021.07.19,04:00,1813.007,1815.282,1812.036,1812.298,2019
2021.07.19,05:00,1812.290,1813.205,1810.456,1811.023,2759
2021.07.19,06:00,1811.007,1811.304,1803.302,1803.379,4322
2021.07.19,07:00,1803.388,1807.468,1802.481,1805.847,4082
2021.07.19,08:00,1805.800,1805.892,1802.476,1804.248,3861
2021.07.19,09:00,1804.249,1804.787,1801.764,1802.903,3558
2021.07.19,10:00,1802.893,1803.981,1801.723,1803.754,3646
2021.07.19,11:00,1803.800,1806.523,1798.965,1800.523,4202
2021.07.19,12:00,1800.476,1809.966,1794.815,1808.972,7611
2021.07.19,13:00,1809.024,1815.411,1808.168,1815.266,7341
2021.07.19,14:00,1815.291,1815.491,1810.677,1811.313,6086
2021.07.19,15:00,1811.359,1811.538,1804.783,1808.279,5035
2021.07.19,16:00,1808.325,1808.978,1805.607,1808.748,4056
2021.07.19,17:00,1808.730,1809.483,1807.319,1807.577,3683
2021.07.19,18:00,1807.556,1808.279,1807.061,1807.549,3236
2021.07.19,19:00,1807.503,1812.060,1806.851,1812.047,3153
2021.07.19,20:00,1812.093,1813.277,1811.023,1812.674,1546
2021.07.19,22:00,1812.940,1812.991,1811.872,1811.961,979
2021.07.19,23:00,1811.970,1812.411,1810.643,1811.304,1271
2021.07.20,00:00,1811.325,1814.030,1811.325,1813.280,2130
2021.07.20,01:00,1813.230,1818.223,1813.091,1817.556,3722
2021.07.20,02:00,1817.509,1819.045,1816.483,1816.695,3087
2021.07.20,03:00,1816.654,1818.002,1815.412,1817.171,2895
2021.07.20,04:00,1817.217,1818.121,1816.458,1817.713,2107
2021.07.20,05:00,1817.725,1818.014,1814.508,1815.247,2739
2021.07.20,06:00,1815.255,1817.612,1814.701,1815.051,3625
2021.07.20,07:00,1815.100,1817.343,1813.363,1813.745,4013
2021.07.20,08:00,1813.732,1813.784,1811.638,1813.058,3481
2021.07.20,09:00,1813.028,1817.789,1812.517,1816.048,3640
2021.07.20,10:00,1816.042,1818.950,1814.896,1815.116,3803
2021.07.20,11:00,1815.069,1818.922,1814.931,1817.766,4350
2021.07.20,12:00,1817.721,1823.937,1815.594,1822.768,5715
2021.07.20,13:00,1822.731,1824.880,1819.455,1823.753,6144
2021.07.20,14:00,1823.791,1824.229,1806.498,1809.438,7446
2021.07.20,15:00,1809.483,1810.623,1804.850,1807.370,5669
2021.07.20,16:00,1807.417,1811.921,1806.990,1811.921,3848
2021.07.20,17:00,1811.876,1811.915,1809.717,1809.870,2946
2021.07.20,18:00,1809.901,1810.809,1808.705,1808.963,2351
2021.07.20,19:00,1808.956,1810.109,1808.154,1809.924,2165
2021.07.20,20:00,1809.871,1810.554,1809.545,1810.252,1425
2021.07.20,22:00,1810.244,1810.987,1809.441,1809.445,1093
2021.07.20,23:00,1809.444,1809.794,1808.995,1809.737,1133
2021.07.21,00:00,1809.735,1809.771,1808.022,1808.614,1995
2021.07.21,01:00,1808.661,1808.757,1805.096,1806.843,3424
2021.07.21,02:00,1806.815,1808.232,1805.294,1806.728,2674
2021.07.21,03:00,1806.718,1808.832,1806.269,1808.648,1955
2021.07.21,04:00,1808.650,1809.428,1806.254,1807.910,1723
2021.07.21,05:00,1807.914,1809.727,1806.970,1808.474,2263
2021.07.21,06:00,1808.432,1813.643,1807.835,1812.376,3676
2021.07.21,07:00,1812.349,1812.446,1805.995,1807.265,4583
2021.07.21,08:00,1807.272,1808.055,1803.254,1807.303,4165
2021.07.21,09:00,1807.296,1808.939,1802.456,1804.851,3682
2021.07.21,10:00,1804.825,1805.984,1801.202,1801.793,3488
2021.07.21,11:00,1801.796,1803.163,1799.921,1800.568,3883
2021.07.21,12:00,1800.528,1802.636,1794.420,1798.932,6071
2021.07.21,13:00,1798.877,1805.701,1796.820,1805.097,7040
2021.07.21,14:00,1805.052,1805.494,1799.197,1800.609,5612
2021.07.21,15:00,1800.560,1805.400,1800.348,1804.077,4010
2021.07.21,16:00,1804.036,1804.775,1802.439,1802.936,2996
2021.07.21,17:00,1802.951,1804.007,1802.265,1802.543,3043
2021.07.21,18:00,1802.497,1804.458,1801.802,1804.278,2597
2021.07.21,19:00,1804.239,1805.277,1803.536,1803.536,2716
2021.07.21,20:00,1803.542,1804.338,1802.940,1803.340,1464
2021.07.21,22:00,1803.572,1803.840,1803.046,1803.694,885
2021.07.21,23:00,1803.740,1803.821,1802.076,1802.540,1034
2021.07.22,00:00,1802.492,1802.689,1801.524,1802.191,1493
2021.07.22,01:00,1802.241,1802.989,1799.677,1801.987,3069
2021.07.22,02:00,1802.032,1802.045,1798.676,1798.714,2259
2021.07.22,03:00,1798.760,1799.256,1797.243,1798.398,2261
2021.07.22,04:00,1798.395,1799.417,1797.179,1798.886,1669
2021.07.22,05:00,1798.923,1800.697,1798.064,1798.683,2595
2021.07.22,06:00,1798.729,1802.353,1798.101,1801.540,3370
2021.07.22,07:00,1801.493,1803.294,1800.263,1800.441,3321
2021.07.22,08:00,1800.450,1800.450,1792.692,1797.093,4353
2021.07.22,09:00,1797.066,1797.953,1795.657,1796.489,3212
2021.07.22,10:00,1796.494,1796.824,1794.540,1794.899,3269
2021.07.22,11:00,1794.867,1797.992,1794.805,1796.559,4073
2021.07.22,12:00,1796.512,1805.972,1793.977,1802.754,7287
2021.07.22,13:00,1802.800,1803.849,1795.926,1798.995,6564
2021.07.22,14:00,1799.004,1804.387,1798.955,1803.574,4863
2021.07.22,15:00,1803.569,1807.955,1802.731,1807.099,3967
2021.07.22,16:00,1807.147,1807.938,1804.619,1805.075,3609
2021.07.22,17:00,1805.122,1806.846,1804.295,1806.747,2906
2021.07.22,18:00,1806.774,1807.820,1806.328,1806.746,2685
2021.07.22,19:00,1806.793,1807.647,1806.412,1807.142,2398
2021.07.22,20:00,1807.190,1807.465,1806.102,1806.473,1473
2021.07.22,22:00,1807.116,1807.464,1806.930,1807.385,912
2021.07.22,23:00,1807.386,1808.426,1807.048,1807.081,1037
2021.07.23,00:00,1807.077,1807.949,1806.689,1806.914,1470
2021.07.23,01:00,1806.912,1808.426,1804.007,1804.036,3054
2021.07.23,02:00,1804.076,1804.668,1802.916,1803.830,2575
2021.07.23,03:00,1803.818,1804.252,1802.194,1803.031,2210
2021.07.23,04:00,1803.077,1803.807,1802.303,1803.244,1481
2021.07.23,05:00,1803.299,1805.139,1802.050,1802.147,2184
2021.07.23,06:00,1802.101,1808.104,1801.225,1807.507,3684
2021.07.23,07:00,1807.472,1810.260,1805.663,1809.204,3768
2021.07.23,08:00,1809.250,1809.646,1803.760,1804.246,3398
2021.07.23,09:00,1804.259,1805.211,1800.719,1802.368,2970
2021.07.23,10:00,1802.361,1802.388,1796.986,1797.718,3933
2021.07.23,11:00,1797.670,1798.292,1789.193,1795.734,4885
2021.07.23,12:00,1795.686,1804.899,1792.852,1802.892,5027
2021.07.23,13:00,1802.882,1804.044,1796.985,1802.121,5460
2021.07.23,14:00,1802.169,1802.447,1794.879,1798.295,5405
2021.07.23,15:00,1798.342,1802.688,1797.741,1802.544,3644
2021.07.23,16:00,1802.551,1804.446,1801.428,1801.912,3127
2021.07.23,17:00,1801.957,1803.148,1800.694,1802.603,2441
2021.07.23,18:00,1802.604,1804.502,1801.137,1801.725,2230
2021.07.23,19:00,1801.772,1802.479,1800.666,1801.283,2478
2021.07.23,20:00,1801.237,1802.668,1801.119,1802.126,1120
2021.07.25,22:00,1802.274,1802.712,1800.583,1800.856,1097
2021.07.25,23:00,1800.865,1801.530,1800.053,1800.344,1022
2021.07.26,00:00,1800.329,1800.735,1798.361,1799.218,2025
2021.07.26,01:00,1799.263,1806.766,1798.496,1806.497,3578
2021.07.26,02:00,1806.542,1807.186,1804.338,1804.841,2591
2021.07.26,03:00,1804.859,1807.228,1804.792,1806.619,2074
2021.07.26,04:00,1806.618,1807.215,1805.756,1806.344,1478
2021.07.26,05:00,1806.389,1809.215,1805.928,1808.135,2757
2021.07.26,06:00,1808.166,1808.390,1804.466,1807.333,3639
2021.07.26,07:00,1807.308,1811.448,1806.077,1807.712,4106
2021.07.26,08:00,1807.760,1809.523,1806.218,1808.452,3317
2021.07.26,09:00,1808.461,1809.305,1807.360,1808.330,2951
2021.07.26,10:00,1808.284,1809.808,1806.980,1807.740,2488
2021.07.26,11:00,1807.743,1809.514,1807.153,1807.837,2814
2021.07.26,12:00,1807.882,1808.213,1801.087,1803.178,4375
2021.07.26,13:00,1803.197,1804.534,1799.228,1802.462,5355
2021.07.26,14:00,1802.416,1802.628,1796.559,1801.514,5782
2021.07.26,15:00,1801.560,1802.334,1798.124,1799.420,3726
2021.07.26,16:00,1799.412,1800.699,1798.213,1799.325,2810
2021.07.26,17:00,1799.280,1799.862,1798.267,1798.379,2302
2021.07.26,18:00,1798.374,1798.471,1796.276,1797.035,2098
2021.07.26,19:00,1797.045,1798.314,1796.811,1797.397,2076
2021.07.26,20:00,1797.430,1798.485,1797.106,1797.462,1209
2021.07.26,22:00,1797.689,1798.069,1797.326,1797.448,681
2021.07.26,23:00,1797.449,1797.842,1796.435,1797.550,1043
2021.07.27,00:00,1797.556,1798.397,1796.543,1798.387,1493
2021.07.27,01:00,1798.383,1799.752,1794.969,1795.002,3209
2021.07.27,02:00,1794.976,1799.501,1794.591,1799.180,2607
2021.07.27,03:00,1799.173,1799.745,1797.762,1799.320,2229
2021.07.27,04:00,1799.350,1799.447,1797.368,1797.835,1504
2021.07.27,05:00,1797.837,1797.837,1794.497,1796.152,2442
2021.07.27,06:00,1796.094,1797.113,1793.382,1794.500,3411
2021.07.27,07:00,1794.470,1801.090,1793.746,1798.654,4508
2021.07.27,08:00,1798.676,1799.458,1794.773,1796.111,3222
2021.07.27,09:00,1796.134,1798.792,1795.383,1797.019,2932
2021.07.27,10:00,1797.012,1798.118,1796.173,1796.619,2386
2021.07.27,11:00,1796.667,1799.142,1794.967,1798.501,2958
2021.07.27,12:00,1798.546,1805.172,1797.839,1802.811,4599
2021.07.27,13:00,1802.774,1804.809,1800.025,1800.426,5431
2021.07.27,14:00,1800.376,1803.090,1794.499,1797.433,6529
2021.07.27,15:00,1797.403,1803.149,1795.814,1798.519,4750
2021.07.27,16:00,1798.570,1800.479,1797.687,1799.993,3407
2021.07.27,17:00,1799.937,1801.921,1799.543,1801.673,3111
2021.07.27,18:00,1801.661,1802.096,1799.697,1799.864,2333
2021.07.27,19:00,1799.853,1800.722,1799.114,1800.217,2454
2021.07.27,20:00,1800.172,1800.562,1798.532,1798.791,1376
2021.07.27,22:00,1800.037,1800.780,1798.969,1799.229,1721
2021.07.27,23:00,1799.277,1800.580,1799.236,1799.873,1085
2021.07.28,00:00,1799.828,1800.209,1798.083,1798.637,1758
2021.07.28,01:00,1798.647,1803.563,1797.963,1802.380,3424
2021.07.28,02:00,1802.378,1804.776,1800.800,1804.727,2850
2021.07.28,03:00,1804.683,1807.311,1804.631,1806.226,2519
2021.07.28,04:00,1806.223,1806.539,1804.648,1804.910,1717
2021.07.28,05:00,1804.921,1805.672,1803.507,1805.411,2615
2021.07.28,06:00,1805.463,1807.016,1803.665,1803.963,2888
2021.07.28,07:00,1804.009,1805.711,1801.782,1801.782,3119
2021.07.28,08:00,1801.828,1802.447,1799.253,1800.933,3368
2021.07.28,09:00,1800.929,1801.659,1798.048,1799.220,2920
2021.07.28,10:00,1799.219,1801.253,1798.713,1799.577,2645
2021.07.28,11:00,1799.592,1799.895,1795.109,1796.465,3237
2021.07.28,12:00,1796.420,1800.172,1796.007,1798.813,3603
2021.07.28,13:00,1798.793,1800.344,1794.475,1795.127,5083
2021.07.28,14:00,1795.175,1800.167,1794.466,1800.120,4604
2021.07.28,15:00,1800.163,1802.173,1799.359,1800.839,3280
2021.07.28,16:00,1800.880,1802.513,1800.533,1802.291,2379
2021.07.28,17:00,1802.343,1802.761,1798.231,1798.796,2680
2021.07.28,18:00,1798.764,1804.956,1792.544,1802.161,10747
2021.07.28,19:00,1802.207,1809.718,1801.547,1808.733,5212
2021.07.28,20:00,1808.779,1809.379,1806.588,1806.867,1999
2021.07.28,22:00,1807.004,1808.834,1806.980,1808.615,888
2021.07.28,23:00,1808.616,1810.216,1808.335,1809.307,1359
2021.07.29,00:00,1809.275,1810.213,1808.585,1809.418,1669
2021.07.29,01:00,1809.465,1817.448,1809.465,1815.536,4430
2021.07.29,02:00,1815.527,1817.175,1814.322,1816.308,3161
2021.07.29,03:00,1816.281,1816.868,1814.823,1814.997,2182
2021.07.29,04:00,1815.000,1816.108,1814.490,1815.715,1453
2021.07.29,05:00,1815.674,1818.183,1815.266,1816.219,2710
2021.07.29,06:00,1816.169,1819.141,1815.403,1818.761,3289
2021.07.29,07:00,1818.796,1819.750,1816.058,1816.086,3587
2021.07.29,08:00,1816.089,1822.000,1815.142,1821.475,3805
2021.07.29,09:00,1821.434,1821.950,1819.435,1821.543,3037
2021.07.29,10:00,1821.530,1823.608,1821.436,1821.811,2897
2021.07.29,11:00,1821.750,1828.077,1821.656,1824.959,3825
2021.07.29,12:00,1824.934,1827.231,1823.272,1825.719,5414
2021.07.29,13:00,1825.726,1828.008,1823.326,1827.045,5578
2021.07.29,14:00,1826.995,1828.524,1825.788,1827.782,4194
2021.07.29,15:00,1827.830,1831.999,1826.899,1831.017,3771
2021.07.29,16:00,1831.063,1832.548,1829.707,1831.114,2852
2021.07.29,17:00,1831.110,1831.644,1830.279,1830.981,2928
2021.07.29,18:00,1830.957,1831.273,1829.623,1831.117,2133
2021.07.29,19:00,1831.124,1831.241,1828.137,1828.703,2104
2021.07.29,20:00,1828.643,1828.785,1827.690,1827.938,1560
2021.07.29,22:00,1828.431,1829.466,1828.338,1829.079,880
2021.07.29,23:00,1829.116,1831.114,1828.976,1830.189,974
2021.07.30,00:00,1830.198,1830.198,1826.909,1827.353,2281
2021.07.30,01:00,1827.312,1830.347,1826.602,1828.134,3577
2021.07.30,02:00,1828.087,1829.188,1827.127,1827.419,2507
2021.07.30,03:00,1827.424,1829.612,1827.320,1828.524,2059
2021.07.30,04:00,1828.477,1828.746,1826.897,1827.503,1348
2021.07.30,05:00,1827.507,1828.935,1825.830,1828.288,2704
2021.07.30,06:00,1828.333,1828.822,1826.576,1828.254,3006
2021.07.30,07:00,1828.299,1831.257,1827.652,1829.190,3028
2021.07.30,08:00,1829.163,1829.888,1827.920,1829.657,2353
2021.07.30,09:00,1829.647,1829.797,1827.927,1828.266,2214
2021.07.30,10:00,1828.311,1829.081,1827.010,1828.854,2395
2021.07.30,11:00,1828.861,1828.962,1826.524,1827.548,2424
2021.07.30,12:00,1827.545,1829.809,1821.751,1822.725,4112
2021.07.30,13:00,1822.776,1827.195,1821.673,1824.308,5188
2021.07.30,14:00,1824.357,1825.503,1820.793,1822.675,4781
2021.07.30,15:00,1822.621,1823.750,1821.220,1822.571,3230
2021.07.30,16:00,1822.525,1822.646,1814.152,1814.246,3456
2021.07.30,17:00,1814.286,1816.387,1812.068,1814.474,3169
2021.07.30,18:00,1814.458,1814.804,1810.141,1811.859,2610
2021.07.30,19:00,1811.904,1814.789,1811.273,1814.348,2583
2021.07.30,20:00,1814.300,1814.510,1813.141,1813.934,1169
2021.08.01,22:00,1814.431,1814.955,1813.227,1814.054,1347
2021.08.01,23:00,1814.057,1814.057,1812.009,1813.790,1269
2021.08.02,00:00,1813.796,1816.512,1812.509,1816.471,2088
2021.08.02,01:00,1816.516,1816.823,1808.346,1810.956,4700
2021.08.02,02:00,1810.962,1812.356,1808.672,1812.049,3041
2021.08.02,03:00,1812.056,1812.253,1810.135,1812.016,2022
2021.08.02,04:00,1812.013,1812.087,1810.058,1810.538,1234
2021.08.02,05:00,1810.544,1813.172,1809.287,1811.389,2679
2021.08.02,06:00,1811.350,1811.350,1806.965,1808.286,4167
2021.08.02,07:00,1808.222,1809.798,1806.595,1808.019,3354
2021.08.02,08:00,1808.014,1809.196,1806.311,1807.284,2906
2021.08.02,09:00,1807.282,1810.281,1806.725,1810.205,2277
2021.08.02,10:00,1810.158,1810.689,1808.051,1808.654,2141
2021.08.02,11:00,1808.608,1811.639,1807.637,1811.297,2529
2021.08.02,12:00,1811.335,1811.535,1805.525,1806.599,4590
2021.08.02,13:00,1806.655,1812.504,1806.068,1808.708,4963
2021.08.02,14:00,1808.761,1816.371,1808.066,1814.665,5687
2021.08.02,15:00,1814.710,1815.779,1812.968,1814.462,3623
2021.08.02,16:00,1814.510,1818.323,1814.425,1817.766,2961
2021.08.02,17:00,1817.818,1819.432,1815.345,1815.836,2518
2021.08.02,18:00,1815.853,1816.333,1813.907,1816.259,2205
2021.08.02,19:00,1816.310,1816.357,1812.563,1813.101,2313
2021.08.02,20:00,1813.045,1814.205,1812.613,1813.378,1307
2021.08.02,22:00,1813.056,1813.616,1812.684,1812.844,748
2021.08.02,23:00,1812.845,1813.033,1812.275,1812.447,829
2021.08.03,00:00,1812.492,1813.844,1810.940,1811.305,1658
2021.08.03,01:00,1811.307,1812.708,1809.371,1812.297,3153
2021.08.03,02:00,1812.300,1813.471,1810.482,1811.068,2165
2021.08.03,03:00,1811.023,1811.527,1809.577,1810.777,1985
2021.08.03,04:00,1810.732,1812.424,1810.676,1811.757,1831
2021.08.03,05:00,1811.712,1811.914,1809.916,1811.176,2279
2021.08.03,06:00,1811.228,1811.380,1808.137,1808.969,2708
2021.08.03,07:00,1808.962,1811.572,1808.901,1809.627,3111
2021.08.03,08:00,1809.624,1811.997,1808.829,1810.731,2654
2021.08.03,09:00,1810.721,1810.744,1808.383,1810.279,2334
2021.08.03,10:00,1810.233,1811.406,1809.508,1810.882,2316
2021.08.03,11:00,1810.848,1810.870,1808.990,1810.056,2148
2021.08.03,12:00,1810.028,1813.458,1806.999,1812.595,4698
2021.08.03,13:00,1812.641,1814.924,1809.507,1813.672,4942
2021.08.03,14:00,1813.733,1814.242,1809.157,1811.312,4419
2021.08.03,15:00,1811.357,1811.808,1808.602,1809.219,3200
2021.08.03,16:00,1809.244,1810.960,1808.680,1810.704,2135
2021.08.03,17:00,1810.717,1811.518,1809.987,1810.046,1946
2021.08.03,18:00,1810.042,1810.853,1809.775,1809.913,1595
2021.08.03,19:00,1809.878,1811.282,1809.795,1811.105,1490
2021.08.03,20:00,1811.060,1811.136,1809.990,1810.241,717
2021.08.03,22:00,1810.246,1810.633,1810.050,1810.628,596
2021.08.03,23:00,1810.676,1811.138,1810.489,1811.071,544
2021.08.04,00:00,1811.063,1811.141,1809.682,1810.329,1227
2021.08.04,01:00,1810.355,1813.257,1808.852,1812.861,2715
2021.08.04,02:00,1812.867,1813.749,1812.246,1813.611,2357
2021.08.04,03:00,1813.608,1814.758,1813.054,1813.124,1871
2021.08.04,04:00,1813.128,1813.244,1812.218,1812.313,1198
2021.08.04,05:00,1812.264,1814.248,1811.951,1813.652,1940
2021.08.04,06:00,1813.605,1814.436,1812.167,1814.086,2512
2021.08.04,07:00,1814.072,1815.138,1812.893,1814.518,2626
2021.08.04,08:00,1814.502,1815.005,1810.943,1811.289,2315
2021.08.04,09:00,1811.291,1814.789,1810.675,1814.744,2165
2021.08.04,10:00,1814.761,1814.804,1813.103,1813.663,1615
2021.08.04,11:00,1813.618,1819.057,1813.137,1817.767,3056
2021.08.04,12:00,1817.794,1828.193,1817.794,1827.101,6972
2021.08.04,13:00,1827.056,1831.657,1826.477,1828.880,5787
2021.08.04,14:00,1828.827,1829.481,1808.910,1811.569,11556
2021.08.04,15:00,1811.620,1812.276,1806.308,1811.122,5062
2021.08.04,16:00,1811.143,1812.009,1810.073,1811.717,2927
2021.08.04,17:00,1811.762,1813.017,1810.508,1812.270,2407
2021.08.04,18:00,1812.276,1812.367,1810.373,1811.067,2072
2021.08.04,19:00,1811.021,1812.424,1810.772,1811.826,2168
2021.08.04,20:00,1811.876,1812.325,1810.854,1811.865,1088
2021.08.04,22:00,1811.989,1812.154,1811.377,1811.922,715
2021.08.04,23:00,1811.970,1812.405,1811.412,1811.614,892
2021.08.05,00:00,1811.606,1811.665,1809.507,1809.748,1542
2021.08.05,01:00,1809.703,1811.870,1809.003,1810.444,2819
2021.08.05,02:00,1810.494,1810.589,1808.989,1810.514,2313
2021.08.05,03:00,1810.540,1811.667,1809.977,1811.010,1672
2021.08.05,04:00,1810.964,1811.432,1810.073,1810.963,1017
2021.08.05,05:00,1810.950,1810.992,1808.496,1808.542,1807
2021.08.05,06:00,1808.496,1811.020,1808.394,1809.781,2650
2021.08.05,07:00,1809.734,1814.550,1809.329,1813.655,3257
2021.08.05,08:00,1813.609,1814.036,1808.258,1810.912,2947
2021.08.05,09:00,1810.867,1811.622,1809.607,1810.430,2297
2021.08.05,10:00,1810.385,1813.357,1809.831,1813.344,2646
2021.08.05,11:00,1813.389,1814.766,1811.882,1813.068,3172
2021.08.05,12:00,1813.022,1813.684,1808.409,1809.170,4536
2021.08.05,13:00,1809.122,1811.989,1797.515,1803.696,7084
2021.08.05,14:00,1803.650,1805.584,1800.355,1802.806,5823
2021.08.05,15:00,1802.866,1804.534,1801.409,1804.164,3663
2021.08.05,16:00,1804.171,1808.154,1803.834,1806.958,2771
2021.08.05,17:00,1806.944,1807.221,1804.285,1804.858,2300
2021.08.05,18:00,1804.850,1804.914,1803.248,1803.628,1984
2021.08.05,19:00,1803.596,1805.570,1803.343,1804.332,1660
2021.08.05,20:00,1804.377,1804.793,1803.705,1803.957,965
2021.08.05,22:00,1804.572,1804.759,1803.962,1803.971,686
2021.08.05,23:00,1804.021,1804.066,1803.317,1803.396,613
2021.08.06,00:00,1803.351,1803.601,1801.440,1801.765,1638
2021.08.06,01:00,1801.778,1802.318,1800.289,1800.831,2608
2021.08.06,02:00,1800.834,1801.396,1799.693,1800.408,2099
2021.08.06,03:00,1800.378,1801.156,1799.232,1801.027,1576
2021.08.06,04:00,1800.981,1801.136,1799.007,1800.534,1301
2021.08.06,05:00,1800.570,1800.886,1798.857,1800.445,1888
2021.08.06,06:00,1800.393,1801.930,1799.684,1800.024,2742
2021.08.06,07:00,1800.004,1801.097,1796.816,1800.003,3017
2021.08.06,08:00,1799.999,1800.644,1798.890,1799.640,2232
2021.08.06,09:00,1799.644,1800.006,1797.855,1798.687,2105
2021.08.06,10:00,1798.692,1798.915,1794.509,1794.881,2763
2021.08.06,11:00,1794.912,1800.083,1794.628,1799.592,2724
2021.08.06,12:00,1799.612,1801.357,1775.225,1776.450,11122
2021.08.06,13:00,1776.401,1776.401,1763.206,1763.677,13948
2021.08.06,14:00,1763.634,1768.049,1761.085,1761.085,8419
2021.08.06,15:00,1761.033,1764.904,1758.355,1761.934,7273
2021.08.06,16:00,1761.964,1762.450,1758.500,1759.467,4434
2021.08.06,17:00,1759.500,1764.534,1759.500,1764.181,4073
2021.08.06,18:00,1764.211,1765.693,1762.967,1763.611,2655
2021.08.06,19:00,1763.581,1764.213,1759.739,1760.165,3213
2021.08.06,20:00,1760.105,1764.096,1759.968,1763.819,2208
2021.08.08,22:00,1761.426,1762.323,1701.101,1702.603,12396
2021.08.08,23:00,1706.469,1726.830,1686.784,1719.053,22255
2021.08.09,00:00,1719.031,1728.732,1706.031,1727.579,13423
2021.08.09,01:00,1727.528,1741.882,1727.528,1734.623,12326
2021.08.09,02:00,1734.670,1741.908,1733.466,1740.158,6331
2021.08.09,03:00,1740.127,1740.487,1736.292,1738.118,4473
2021.08.09,04:00,1738.152,1740.942,1737.451,1738.465,3474
2021.08.09,05:00,1738.449,1746.592,1737.653,1742.475,5281
2021.08.09,06:00,1742.442,1747.933,1741.954,1745.444,5299
2021.08.09,07:00,1745.476,1752.663,1743.567,1749.224,6497
2021.08.09,08:00,1749.194,1749.644,1745.012,1746.656,5437
2021.08.09,09:00,1746.624,1747.467,1738.973,1743.736,6619
2021.08.09,10:00,1743.768,1744.273,1739.072,1740.304,5602
2021.08.09,11:00,1740.335,1748.745,1739.401,1744.124,6852
2021.08.09,12:00,1744.140,1748.391,1737.887,1738.176,10277
2021.08.09,13:00,1738.141,1745.401,1738.109,1738.603,13152
2021.08.09,14:00,1738.634,1741.085,1729.520,1729.684,12120
2021.08.09,15:00,1729.714,1732.357,1726.231,1728.364,8890
2021.08.09,16:00,1728.376,1728.493,1723.809,1726.106,5785
2021.08.09,17:00,1726.137,1729.862,1724.612,1729.862,4352
2021.08.09,18:00,1729.831,1731.661,1728.019,1728.319,3296
2021.08.09,19:00,1728.350,1730.617,1728.313,1728.546,3231
2021.08.09,20:00,1728.516,1730.572,1728.455,1729.535,1748
2021.08.09,22:00,1730.146,1732.265,1728.694,1731.043,1634
2021.08.09,23:00,1731.074,1733.139,1730.511,1731.457,2214
2021.08.10,00:00,1731.450,1732.870,1730.207,1732.408,3018
2021.08.10,01:00,1732.391,1735.553,1731.017,1734.404,4537
2021.08.10,02:00,1734.396,1735.298,1733.108,1734.689,3031
2021.08.10,03:00,1734.687,1737.409,1734.121,1737.315,2410